0	1	1
0.0110110110110110	1.00040740740741	1.00012002002002
0.0220220220220220	1.00081481481481	1.00024004004004
0.0330330330330330	1.00122222222222	1.00036006006006
0.0440440440440440	1.00162962962963	1.00048008008008
0.0550550550550551	1.00203703703704	1.00060010010010
0.0660660660660661	1.00244444444444	1.00072012012012
0.0770770770770771	1.00285185185185	1.00084014014014
0.0880880880880881	1.00325925925926	1.00096016016016
0.0990990990990991	1.00366666666667	1.00108018018018
0.110110110110110	1.00407407407407	1.00120020020020
0.121121121121121	1.00448148148148	1.00132022022022
0.132132132132132	1.00488888888889	1.00144024024024
0.143143143143143	1.00529629629630	1.00156026026026
0.154154154154154	1.00570370370370	1.00168028028028
0.165165165165165	1.00611111111111	1.00180030030030
0.176176176176176	1.00651851851852	1.00192032032032
0.187187187187187	1.00692592592593	1.00204034034034
0.198198198198198	1.00733333333333	1.00216036036036
0.209209209209209	1.00774074074074	1.00228038038038
0.220220220220220	1.00814814814815	1.00240040040040
0.231231231231231	1.00855555555556	1.00252042042042
0.242242242242242	1.00896296296296	1.00264044044044
0.253253253253253	1.00937037037037	1.00276046046046
0.264264264264264	1.00977777777778	1.00288048048048
0.275275275275275	1.01018518518519	1.00300050050050
0.286286286286286	1.01059259259259	1.00312052052052
0.297297297297297	1.01100000000000	1.00324054054054
0.308308308308308	1.01140740740741	1.00336056056056
0.319319319319319	1.01181481481481	1.00348058058058
0.330330330330330	1.01222222222222	1.00360060060060
0.341341341341341	1.01262962962963	1.00372062062062
0.352352352352352	1.01303703703704	1.00384064064064
0.363363363363363	1.01344444444444	1.00396066066066
0.374374374374374	1.01385185185185	1.00408068068068
0.385385385385385	1.01425925925926	1.00420070070070
0.396396396396396	1.01466666666667	1.00432072072072
0.407407407407407	1.01507407407407	1.00444074074074
0.418418418418418	1.01548148148148	1.00456076076076
0.429429429429429	1.01588888888889	1.00468078078078
0.440440440440440	1.01629629629630	1.00480080080080
0.451451451451451	1.01670370370370	1.00492082082082
0.462462462462463	1.01711111111111	1.00504084084084
0.473473473473473	1.01751851851852	1.00516086086086
0.484484484484485	1.01792592592593	1.00528088088088
0.495495495495496	1.01833333333333	1.00540090090090
0.506506506506507	1.01874074074074	1.00552092092092
0.517517517517518	1.01914814814815	1.00564094094094
0.528528528528529	1.01955555555556	1.00576096096096
0.539539539539540	1.01996296296296	1.00588098098098
0.550550550550551	1.02037037037037	1.00600100100100
0.561561561561562	1.02077777777778	1.00612102102102
0.572572572572573	1.02118518518519	1.00624104104104
0.583583583583584	1.02159259259259	1.00636106106106
0.594594594594595	1.02200000000000	1.00648108108108
0.605605605605606	1.02240740740741	1.00660110110110
0.616616616616617	1.02281481481481	1.00672112112112
0.627627627627628	1.02322222222222	1.00684114114114
0.638638638638639	1.02362962962963	1.00696116116116
0.649649649649650	1.02403703703704	1.00708118118118
0.660660660660661	1.02444444444444	1.00720120120120
0.671671671671672	1.02485185185185	1.00732122122122
0.682682682682683	1.02525925925926	1.00744124124124
0.693693693693694	1.02566666666667	1.00756126126126
0.704704704704705	1.02607407407407	1.00768128128128
0.715715715715716	1.02648148148148	1.00780130130130
0.726726726726727	1.02688888888889	1.00792132132132
0.737737737737738	1.02729629629630	1.00804134134134
0.748748748748749	1.02770370370370	1.00816136136136
0.759759759759760	1.02811111111111	1.00828138138138
0.770770770770771	1.02851851851852	1.00840140140140
0.781781781781782	1.02892592592593	1.00852142142142
0.792792792792793	1.02933333333333	1.00864144144144
0.803803803803804	1.02974074074074	1.00876146146146
0.814814814814815	1.03014814814815	1.00888148148148
0.825825825825826	1.03055555555556	1.00900150150150
0.836836836836837	1.03096296296296	1.00912152152152
0.847847847847848	1.03137037037037	1.00924154154154
0.858858858858859	1.03177777777778	1.00936156156156
0.869869869869870	1.03218518518519	1.00948158158158
0.880880880880881	1.03259259259259	1.00960160160160
0.891891891891892	1.03300000000000	1.00972162162162
0.902902902902903	1.03340740740741	1.00984164164164
0.913913913913914	1.03381481481481	1.00996166166166
0.924924924924925	1.03422222222222	1.01008168168168
0.935935935935936	1.03462962962963	1.01020170170170
0.946946946946947	1.03503703703704	1.01032172172172
0.957957957957958	1.03544444444444	1.01044174174174
0.968968968968969	1.03585185185185	1.01056176176176
0.979979979979980	1.03625925925926	1.01068178178178
0.990990990990991	1.03666666666667	1.01080180180180
1.00200200200200	1.03704004004004	1.01090660660661
1.01301301301301	1.03726026026026	1.01094294294294
1.02402402402402	1.03748048048048	1.01097927927928
1.03503503503504	1.03770070070070	1.01101561561562
1.04604604604605	1.03792092092092	1.01105195195195
1.05705705705706	1.03814114114114	1.01108828828829
1.06806806806807	1.03836136136136	1.01112462462462
1.07907907907908	1.03858158158158	1.01116096096096
1.09009009009009	1.03880180180180	1.01119729729730
1.10110110110110	1.03902202202202	1.01123363363363
1.11211211211211	1.03924224224224	1.01126996996997
1.12312312312312	1.03946246246246	1.01130630630631
1.13413413413413	1.03968268268268	1.01134264264264
1.14514514514515	1.03990290290290	1.01137897897898
1.15615615615616	1.04012312312312	1.01141531531532
1.16716716716717	1.04034334334334	1.01145165165165
1.17817817817818	1.04056356356356	1.01148798798799
1.18918918918919	1.04078378378378	1.01152432432432
1.20020020020020	1.04100400400400	1.01156066066066
1.21121121121121	1.04122422422422	1.01159699699700
1.22222222222222	1.04144444444444	1.01163333333333
1.23323323323323	1.04166466466466	1.01166966966967
1.24424424424424	1.04188488488488	1.01170600600601
1.25525525525526	1.04210510510511	1.01174234234234
1.26626626626627	1.04232532532533	1.01177867867868
1.27727727727728	1.04254554554555	1.01181501501502
1.28828828828829	1.04276576576577	1.01185135135135
1.29929929929930	1.04298598598599	1.01188768768769
1.31031031031031	1.04320620620621	1.01192402402402
1.32132132132132	1.04342642642643	1.01196036036036
1.33233233233233	1.04364664664665	1.01199669669670
1.34334334334334	1.04386686686687	1.01203303303303
1.35435435435435	1.04408708708709	1.01206936936937
1.36536536536537	1.04430730730731	1.01210570570571
1.37637637637638	1.04452752752753	1.01214204204204
1.38738738738739	1.04474774774775	1.01217837837838
1.39839839839840	1.04496796796797	1.01221471471471
1.40940940940941	1.04518818818819	1.01225105105105
1.42042042042042	1.04540840840841	1.01228738738739
1.43143143143143	1.04562862862863	1.01232372372372
1.44244244244244	1.04584884884885	1.01236006006006
1.45345345345345	1.04606906906907	1.01239639639640
1.46446446446446	1.04628928928929	1.01243273273273
1.47547547547548	1.04650950950951	1.01246906906907
1.48648648648649	1.04672972972973	1.01250540540541
1.49749749749750	1.04694994994995	1.01254174174174
1.50850850850851	1.04717017017017	1.01257807807808
1.51951951951952	1.04739039039039	1.01261441441441
1.53053053053053	1.04761061061061	1.01265075075075
1.54154154154154	1.04783083083083	1.01268708708709
1.55255255255255	1.04805105105105	1.01272342342342
1.56356356356356	1.04827127127127	1.01275975975976
1.57457457457457	1.04849149149149	1.01279609609610
1.58558558558559	1.04871171171171	1.01283243243243
1.59659659659660	1.04893193193193	1.01286876876877
1.60760760760761	1.04915215215215	1.01290510510511
1.61861861861862	1.04937237237237	1.01294144144144
1.62962962962963	1.04959259259259	1.01297777777778
1.64064064064064	1.04981281281281	1.01301411411411
1.65165165165165	1.05003303303303	1.01305045045045
1.66266266266266	1.05025325325325	1.01308678678679
1.67367367367367	1.05047347347347	1.01312312312312
1.68468468468468	1.05069369369369	1.01315945945946
1.69569569569570	1.05091391391391	1.01319579579580
1.70670670670671	1.05113413413413	1.01323213213213
1.71771771771772	1.05135435435435	1.01326846846847
1.72872872872873	1.05157457457457	1.01330480480480
1.73973973973974	1.05179479479479	1.01334114114114
1.75075075075075	1.05201501501502	1.01337747747748
1.76176176176176	1.05223523523524	1.01341381381381
1.77277277277277	1.05245545545546	1.01345015015015
1.78378378378378	1.05267567567568	1.01348648648649
1.79479479479479	1.05289589589590	1.01352282282282
1.80580580580581	1.05311611611612	1.01355915915916
1.81681681681682	1.05333633633634	1.01359549549550
1.82782782782783	1.05355655655656	1.01363183183183
1.83883883883884	1.05377677677678	1.01366816816817
1.84984984984985	1.05399699699700	1.01370450450450
1.86086086086086	1.05421721721722	1.01374084084084
1.87187187187187	1.05443743743744	1.01377717717718
1.88288288288288	1.05465765765766	1.01381351351351
1.89389389389389	1.05487787787788	1.01384984984985
1.90490490490491	1.05509809809810	1.01388618618619
1.91591591591592	1.05531831831832	1.01392252252252
1.92692692692693	1.05553853853854	1.01395885885886
1.93793793793794	1.05575875875876	1.01399519519520
1.94894894894895	1.05597897897898	1.01403153153153
1.95995995995996	1.05619919919920	1.01406786786787
1.97097097097097	1.05641941941942	1.01410420420420
1.98198198198198	1.05663963963964	1.01414054054054
1.99299299299299	1.05685985985986	1.01417687687688
2.00400400400400	1.05713613613614	1.01422002002002
2.01501501501502	1.05751051051051	1.01427507507508
2.02602602602603	1.05788488488488	1.01433013013013
2.03703703703704	1.05825925925926	1.01438518518519
2.04804804804805	1.05863363363363	1.01444024024024
2.05905905905906	1.05900800800801	1.01449529529530
2.07007007007007	1.05938238238238	1.01455035035035
2.08108108108108	1.05975675675676	1.01460540540541
2.09209209209209	1.06013113113113	1.01466046046046
2.10310310310310	1.06050550550551	1.01471551551552
2.11411411411411	1.06087987987988	1.01477057057057
2.12512512512513	1.06125425425425	1.01482562562563
2.13613613613614	1.06162862862863	1.01488068068068
2.14714714714715	1.06200300300300	1.01493573573574
2.15815815815816	1.06237737737738	1.01499079079079
2.16916916916917	1.06275175175175	1.01504584584585
2.18018018018018	1.06312612612613	1.01510090090090
2.19119119119119	1.06350050050050	1.01515595595596
2.20220220220220	1.06387487487487	1.01521101101101
2.21321321321321	1.06424924924925	1.01526606606607
2.22422422422422	1.06462362362362	1.01532112112112
2.23523523523524	1.06499799799800	1.01537617617618
2.24624624624625	1.06537237237237	1.01543123123123
2.25725725725726	1.06574674674675	1.01548628628629
2.26826826826827	1.06612112112112	1.01554134134134
2.27927927927928	1.06649549549550	1.01559639639640
2.29029029029029	1.06686986986987	1.01565145145145
2.30130130130130	1.06724424424424	1.01570650650651
2.31231231231231	1.06761861861862	1.01576156156156
2.32332332332332	1.06799299299299	1.01581661661662
2.33433433433433	1.06836736736737	1.01587167167167
2.34534534534535	1.06874174174174	1.01592672672673
2.35635635635636	1.06911611611612	1.01598178178178
2.36736736736737	1.06949049049049	1.01603683683684
2.37837837837838	1.06986486486487	1.01609189189189
2.38938938938939	1.07023923923924	1.01614694694695
2.40040040040040	1.07061361361361	1.01620200200200
2.41141141141141	1.07098798798799	1.01625705705706
2.42242242242242	1.07136236236236	1.01631211211211
2.43343343343343	1.07173673673674	1.01636716716717
2.44444444444444	1.07211111111111	1.01642222222222
2.45545545545546	1.07248548548549	1.01647727727728
2.46646646646647	1.07285985985986	1.01653233233233
2.47747747747748	1.07323423423423	1.01658738738739
2.48848848848849	1.07360860860861	1.01664244244244
2.49949949949950	1.07398298298298	1.01669749749750
2.51051051051051	1.07435735735736	1.01675255255255
2.52152152152152	1.07473173173173	1.01680760760761
2.53253253253253	1.07510610610611	1.01686266266266
2.54354354354354	1.07548048048048	1.01691771771772
2.55455455455455	1.07585485485486	1.01697277277277
2.56556556556557	1.07622922922923	1.01702782782783
2.57657657657658	1.07660360360360	1.01708288288288
2.58758758758759	1.07697797797798	1.01713793793794
2.59859859859860	1.07735235235235	1.01719299299299
2.60960960960961	1.07772672672673	1.01724804804805
2.62062062062062	1.07810110110110	1.01730310310310
2.63163163163163	1.07847547547548	1.01735815815816
2.64264264264264	1.07884984984985	1.01741321321321
2.65365365365365	1.07922422422422	1.01746826826827
2.66466466466467	1.07959859859860	1.01752332332332
2.67567567567568	1.07997297297297	1.01757837837838
2.68668668668669	1.08034734734735	1.01763343343343
2.69769769769770	1.08072172172172	1.01768848848849
2.70870870870871	1.08109609609610	1.01774354354354
2.71971971971972	1.08147047047047	1.01779859859860
2.73073073073073	1.08184484484484	1.01785365365365
2.74174174174174	1.08221921921922	1.01790870870871
2.75275275275275	1.08259359359359	1.01796376376376
2.76376376376376	1.08296796796797	1.01801881881882
2.77477477477478	1.08334234234234	1.01807387387387
2.78578578578579	1.08371671671672	1.01812892892893
2.79679679679680	1.08409109109109	1.01818398398398
2.80780780780781	1.08446546546547	1.01823903903904
2.81881881881882	1.08483983983984	1.01829409409409
2.82982982982983	1.08521421421421	1.01834914914915
2.84084084084084	1.08558858858859	1.01840420420420
2.85185185185185	1.08596296296296	1.01845925925926
2.86286286286286	1.08633733733734	1.01851431431431
2.87387387387387	1.08671171171171	1.01856936936937
2.88488488488489	1.08708608608609	1.01862442442442
2.89589589589590	1.08746046046046	1.01867947947948
2.90690690690691	1.08783483483483	1.01873453453453
2.91791791791792	1.08820920920921	1.01878958958959
2.92892892892893	1.08858358358358	1.01884464464464
2.93993993993994	1.08895795795796	1.01889969969970
2.95095095095095	1.08933233233233	1.01895475475475
2.96196196196196	1.08970670670671	1.01900980980981
2.97297297297297	1.09008108108108	1.01906486486486
2.98398398398398	1.09045545545546	1.01911991991992
2.99499499499500	1.09082982982983	1.01917497497498
3.00600600600601	1.09109609609610	1.01924864864865
3.01701701701702	1.09127227227227	1.01933783783784
3.02802802802803	1.09144844844845	1.01942702702703
3.03903903903904	1.09162462462462	1.01951621621622
3.05005005005005	1.09180080080080	1.01960540540541
3.06106106106106	1.09197697697698	1.01969459459459
3.07207207207207	1.09215315315315	1.01978378378378
3.08308308308308	1.09232932932933	1.01987297297297
3.09409409409409	1.09250550550551	1.01996216216216
3.10510510510511	1.09268168168168	1.02005135135135
3.11611611611612	1.09285785785786	1.02014054054054
3.12712712712713	1.09303403403403	1.02022972972973
3.13813813813814	1.09321021021021	1.02031891891892
3.14914914914915	1.09338638638639	1.02040810810811
3.16016016016016	1.09356256256256	1.02049729729730
3.17117117117117	1.09373873873874	1.02058648648649
3.18218218218218	1.09391491491491	1.02067567567568
3.19319319319319	1.09409109109109	1.02076486486486
3.20420420420420	1.09426726726727	1.02085405405405
3.21521521521522	1.09444344344344	1.02094324324324
3.22622622622623	1.09461961961962	1.02103243243243
3.23723723723724	1.09479579579580	1.02112162162162
3.24824824824825	1.09497197197197	1.02121081081081
3.25925925925926	1.09514814814815	1.02130000000000
3.27027027027027	1.09532432432432	1.02138918918919
3.28128128128128	1.09550050050050	1.02147837837838
3.29229229229229	1.09567667667668	1.02156756756757
3.30330330330330	1.09585285285285	1.02165675675676
3.31431431431431	1.09602902902903	1.02174594594595
3.32532532532533	1.09620520520521	1.02183513513514
3.33633633633634	1.09638138138138	1.02192432432432
3.34734734734735	1.09655755755756	1.02201351351351
3.35835835835836	1.09673373373373	1.02210270270270
3.36936936936937	1.09690990990991	1.02219189189189
3.38038038038038	1.09708608608609	1.02228108108108
3.39139139139139	1.09726226226226	1.02237027027027
3.40240240240240	1.09743843843844	1.02245945945946
3.41341341341341	1.09761461461461	1.02254864864865
3.42442442442442	1.09779079079079	1.02263783783784
3.43543543543544	1.09796696696697	1.02272702702703
3.44644644644645	1.09814314314314	1.02281621621622
3.45745745745746	1.09831931931932	1.02290540540541
3.46846846846847	1.09849549549550	1.02299459459459
3.47947947947948	1.09867167167167	1.02308378378378
3.49049049049049	1.09884784784785	1.02317297297297
3.50150150150150	1.09916816816817	1.02326216216216
3.51251251251251	1.10040140140140	1.02335135135135
3.52352352352352	1.10163463463463	1.02344054054054
3.53453453453453	1.10286786786787	1.02352972972973
3.54554554554555	1.10410110110110	1.02361891891892
3.55655655655656	1.10533433433433	1.02370810810811
3.56756756756757	1.10656756756757	1.02379729729730
3.57857857857858	1.10780080080080	1.02388648648649
3.58958958958959	1.10903403403403	1.02397567567568
3.60060060060060	1.11026726726727	1.02406486486487
3.61161161161161	1.11150050050050	1.02415405405405
3.62262262262262	1.11273373373373	1.02424324324324
3.63363363363363	1.11396696696697	1.02433243243243
3.64464464464464	1.11520020020020	1.02442162162162
3.65565565565566	1.11643343343343	1.02451081081081
3.66666666666667	1.11766666666667	1.02460000000000
3.67767767767768	1.11889989989990	1.02468918918919
3.68868868868869	1.12013313313313	1.02477837837838
3.69969969969970	1.12136636636637	1.02486756756757
3.71071071071071	1.12259959959960	1.02495675675676
3.72172172172172	1.12383283283283	1.02504594594595
3.73273273273273	1.12506606606607	1.02513513513514
3.74374374374374	1.12629929929930	1.02522432432432
3.75475475475476	1.12753253253253	1.02531351351351
3.76576576576577	1.12876576576577	1.02540270270270
3.77677677677678	1.12999899899900	1.02549189189189
3.78778778778779	1.13123223223223	1.02558108108108
3.79879879879880	1.13246546546547	1.02567027027027
3.80980980980981	1.13369869869870	1.02575945945946
3.82082082082082	1.13493193193193	1.02584864864865
3.83183183183183	1.13616516516517	1.02593783783784
3.84284284284284	1.13739839839840	1.02602702702703
3.85385385385385	1.13863163163163	1.02611621621622
3.86486486486487	1.13986486486486	1.02620540540541
3.87587587587588	1.14109809809810	1.02629459459459
3.88688688688689	1.14233133133133	1.02638378378378
3.89789789789790	1.14356456456456	1.02647297297297
3.90890890890891	1.14479779779780	1.02656216216216
3.91991991991992	1.14603103103103	1.02665135135135
3.93093093093093	1.14726426426426	1.02674054054054
3.94194194194194	1.14849749749750	1.02682972972973
3.95295295295295	1.14973073073073	1.02691891891892
3.96396396396396	1.15096396396396	1.02700810810811
3.97497497497498	1.15219719719720	1.02709729729730
3.98598598598599	1.15343043043043	1.02718648648649
3.99699699699700	1.15466366366366	1.02727567567568
4.00800800800801	1.15564064064064	1.02741611611612
4.01901901901902	1.15652152152152	1.02757577577578
4.03003003003003	1.15740240240240	1.02773543543544
4.04104104104104	1.15828328328328	1.02789509509510
4.05205205205205	1.15916416416416	1.02805475475476
4.06306306306306	1.16004504504505	1.02821441441441
4.07407407407407	1.16092592592593	1.02837407407407
4.08508508508509	1.16180680680681	1.02853373373373
4.09609609609610	1.16268768768769	1.02869339339339
4.10710710710711	1.16356856856857	1.02885305305305
4.11811811811812	1.16444944944945	1.02901271271271
4.12912912912913	1.16533033033033	1.02917237237237
4.14014014014014	1.16621121121121	1.02933203203203
4.15115115115115	1.16709209209209	1.02949169169169
4.16216216216216	1.16797297297297	1.02965135135135
4.17317317317317	1.16885385385385	1.02981101101101
4.18418418418418	1.16973473473473	1.02997067067067
4.19519519519520	1.17061561561562	1.03013033033033
4.20620620620621	1.17149649649650	1.03028998998999
4.21721721721722	1.17237737737738	1.03044964964965
4.22822822822823	1.17325825825826	1.03060930930931
4.23923923923924	1.17413913913914	1.03076896896897
4.25025025025025	1.17502002002002	1.03092862862863
4.26126126126126	1.17590090090090	1.03108828828829
4.27227227227227	1.17678178178178	1.03124794794795
4.28328328328328	1.17766266266266	1.03140760760761
4.29429429429429	1.17854354354354	1.03156726726727
4.30530530530531	1.17942442442442	1.03172692692693
4.31631631631632	1.18030530530531	1.03188658658659
4.32732732732733	1.18118618618619	1.03204624624625
4.33833833833834	1.18206706706707	1.03220590590591
4.34934934934935	1.18294794794795	1.03236556556557
4.36036036036036	1.18382882882883	1.03252522522523
4.37137137137137	1.18470970970971	1.03268488488488
4.38238238238238	1.18559059059059	1.03284454454454
4.39339339339339	1.18647147147147	1.03300420420420
4.40440440440441	1.18735235235235	1.03316386386386
4.41541541541542	1.18823323323323	1.03332352352352
4.42642642642643	1.18911411411411	1.03348318318318
4.43743743743744	1.18999499499500	1.03364284284284
4.44844844844845	1.19087587587588	1.03380250250250
4.45945945945946	1.19175675675676	1.03396216216216
4.47047047047047	1.19263763763764	1.03412182182182
4.48148148148148	1.19351851851852	1.03428148148148
4.49249249249249	1.19439939939940	1.03444114114114
4.50350350350350	1.19560260260260	1.03460080080080
4.51451451451452	1.19749649649650	1.03476046046046
4.52552552552553	1.19939039039039	1.03492012012012
4.53653653653654	1.20128428428428	1.03507977977978
4.54754754754755	1.20317817817818	1.03523943943944
4.55855855855856	1.20507207207207	1.03539909909910
4.56956956956957	1.20696596596597	1.03555875875876
4.58058058058058	1.20885985985986	1.03571841841842
4.59159159159159	1.21075375375375	1.03587807807808
4.60260260260260	1.21264764764765	1.03603773773774
4.61361361361361	1.21454154154154	1.03619739739740
4.62462462462463	1.21643543543544	1.03635705705706
4.63563563563564	1.21832932932933	1.03651671671672
4.64664664664665	1.22022322322322	1.03667637637638
4.65765765765766	1.22211711711712	1.03683603603604
4.66866866866867	1.22401101101101	1.03699569569570
4.67967967967968	1.22590490490491	1.03715535535536
4.69069069069069	1.22779879879880	1.03731501501502
4.70170170170170	1.22969269269269	1.03747467467467
4.71271271271271	1.23158658658659	1.03763433433433
4.72372372372372	1.23348048048048	1.03779399399399
4.73473473473474	1.23537437437437	1.03795365365365
4.74574574574575	1.23726826826827	1.03811331331331
4.75675675675676	1.23916216216216	1.03827297297297
4.76776776776777	1.24105605605606	1.03843263263263
4.77877877877878	1.24294994994995	1.03859229229229
4.78978978978979	1.24484384384384	1.03875195195195
4.80080080080080	1.24673773773774	1.03891161161161
4.81181181181181	1.24863163163163	1.03907127127127
4.82282282282282	1.25052552552553	1.03923093093093
4.83383383383383	1.25241941941942	1.03939059059059
4.84484484484485	1.25431331331331	1.03955025025025
4.85585585585586	1.25620720720721	1.03970990990991
4.86686686686687	1.25810110110110	1.03986956956957
4.87787787787788	1.25999499499500	1.04002922922923
4.88888888888889	1.26188888888889	1.04018888888889
4.89989989989990	1.26378278278278	1.04034854854855
4.91091091091091	1.26567667667668	1.04050820820821
4.92192192192192	1.26757057057057	1.04066786786787
4.93293293293293	1.26946446446446	1.04082752752753
4.94394394394394	1.27135835835836	1.04098718718719
4.95495495495496	1.27325225225225	1.04114684684685
4.96596596596597	1.27514614614615	1.04130650650651
4.97697697697698	1.27704004004004	1.04146616616617
4.98798798798799	1.27893393393393	1.04162582582583
4.99899899899900	1.28082782782783	1.04178548548549
5.01001001001001	1.28331231231231	1.04269489489490
5.02102102102102	1.28585585585586	1.04367927927928
5.03203203203203	1.28839939939940	1.04466366366366
5.04304304304304	1.29094294294294	1.04564804804805
5.05405405405405	1.29348648648649	1.04663243243243
5.06506506506507	1.29603003003003	1.04761681681682
5.07607607607608	1.29857357357357	1.04860120120120
5.08708708708709	1.30111711711712	1.04958558558559
5.09809809809810	1.30366066066066	1.05056996996997
5.10910910910911	1.30620420420420	1.05155435435435
5.12012012012012	1.30874774774775	1.05253873873874
5.13113113113113	1.31129129129129	1.05352312312312
5.14214214214214	1.31383483483483	1.05450750750751
5.15315315315315	1.31637837837838	1.05549189189189
5.16416416416416	1.31892192192192	1.05647627627628
5.17517517517518	1.32146546546547	1.05746066066066
5.18618618618619	1.32400900900901	1.05844504504505
5.19719719719720	1.32655255255255	1.05942942942943
5.20820820820821	1.32909609609610	1.06041381381381
5.21921921921922	1.33163963963964	1.06139819819820
5.23023023023023	1.33418318318318	1.06238258258258
5.24124124124124	1.33672672672673	1.06336696696697
5.25225225225225	1.33927027027027	1.06435135135135
5.26326326326326	1.34181381381381	1.06533573573574
5.27427427427427	1.34435735735736	1.06632012012012
5.28528528528529	1.34690090090090	1.06730450450450
5.29629629629630	1.34944444444444	1.06828888888889
5.30730730730731	1.35198798798799	1.06927327327327
5.31831831831832	1.35453153153153	1.07025765765766
5.32932932932933	1.35707507507508	1.07124204204204
5.34034034034034	1.35961861861862	1.07222642642643
5.35135135135135	1.36216216216216	1.07321081081081
5.36236236236236	1.36470570570571	1.07419519519520
5.37337337337337	1.36724924924925	1.07517957957958
5.38438438438439	1.36979279279279	1.07616396396396
5.39539539539540	1.37233633633634	1.07714834834835
5.40640640640641	1.37487987987988	1.07813273273273
5.41741741741742	1.37742342342342	1.07911711711712
5.42842842842843	1.37996696696697	1.08010150150150
5.43943943943944	1.38251051051051	1.08108588588589
5.45045045045045	1.38505405405405	1.08207027027027
5.46146146146146	1.38759759759760	1.08305465465465
5.47247247247247	1.39014114114114	1.08403903903904
5.48348348348348	1.39268468468468	1.08502342342342
5.49449449449450	1.39522822822823	1.08600780780781
5.50550550550551	1.39777177177177	1.08699219219219
5.51651651651652	1.40031531531532	1.08797657657658
5.52752752752753	1.40285885885886	1.08896096096096
5.53853853853854	1.40540240240240	1.08994534534535
5.54954954954955	1.40794594594595	1.09092972972973
5.56056056056056	1.41048948948949	1.09191411411411
5.57157157157157	1.41303303303303	1.09289849849850
5.58258258258258	1.41557657657658	1.09388288288288
5.59359359359359	1.41812012012012	1.09486726726727
5.60460460460461	1.42066366366366	1.09585165165165
5.61561561561562	1.42320720720721	1.09683603603604
5.62662662662663	1.42575075075075	1.09782042042042
5.63763763763764	1.42829429429429	1.09880480480481
5.64864864864865	1.43083783783784	1.09978918918919
5.65965965965966	1.43338138138138	1.10077357357357
5.67067067067067	1.43592492492492	1.10175795795796
5.68168168168168	1.43846846846847	1.10274234234234
5.69269269269269	1.44101201201201	1.10372672672673
5.70370370370370	1.44355555555556	1.10471111111111
5.71471471471472	1.44609909909910	1.10569549549550
5.72572572572573	1.44864264264264	1.10667987987988
5.73673673673674	1.45118618618619	1.10766426426426
5.74774774774775	1.45372972972973	1.10864864864865
5.75875875875876	1.45627327327327	1.10963303303303
5.76976976976977	1.45881681681682	1.11061741741742
5.78078078078078	1.46136036036036	1.11160180180180
5.79179179179179	1.46390390390390	1.11258618618619
5.80280280280280	1.46644744744745	1.11357057057057
5.81381381381381	1.46899099099099	1.11455495495496
5.82482482482483	1.47153453453453	1.11553933933934
5.83583583583584	1.47407807807808	1.11652372372372
5.84684684684685	1.47662162162162	1.11750810810811
5.85785785785786	1.47916516516517	1.11849249249249
5.86886886886887	1.48170870870871	1.11947687687688
5.87987987987988	1.48425225225225	1.12046126126126
5.89089089089089	1.48679579579580	1.12144564564565
5.90190190190190	1.48933933933934	1.12243003003003
5.91291291291291	1.49188288288288	1.12341441441441
5.92392392392392	1.49442642642643	1.12439879879880
5.93493493493494	1.49696996996997	1.12538318318318
5.94594594594595	1.49951351351351	1.12636756756757
5.95695695695696	1.50205705705706	1.12735195195195
5.96796796796797	1.50460060060060	1.12833633633634
5.97897897897898	1.50714414414414	1.12932072072072
5.98998998998999	1.50968768768769	1.13030510510511
6.00100100100100	1.51233843843844	1.13127397397397
6.01201201201201	1.51606126126126	1.13208768768769
6.02302302302302	1.51978408408408	1.13290140140140
6.03403403403403	1.52350690690691	1.13371511511512
6.04504504504505	1.52722972972973	1.13452882882883
6.05605605605606	1.53095255255255	1.13534254254254
6.06706706706707	1.53467537537538	1.13615625625626
6.07807807807808	1.53839819819820	1.13696996996997
6.08908908908909	1.54212102102102	1.13778368368368
6.10010010010010	1.54584384384384	1.13859739739740
6.11111111111111	1.54956666666667	1.13941111111111
6.12212212212212	1.55328948948949	1.14022482482482
6.13313313313313	1.55701231231231	1.14103853853854
6.14414414414414	1.56073513513514	1.14185225225225
6.15515515515516	1.56445795795796	1.14266596596597
6.16616616616617	1.56818078078078	1.14347967967968
6.17717717717718	1.57190360360360	1.14429339339339
6.18818818818819	1.57562642642643	1.14510710710711
6.19919919919920	1.57934924924925	1.14592082082082
6.21021021021021	1.58307207207207	1.14673453453453
6.22122122122122	1.58679489489490	1.14754824824825
6.23223223223223	1.59051771771772	1.14836196196196
6.24324324324324	1.59424054054054	1.14917567567568
6.25425425425425	1.59796336336336	1.14998938938939
6.26526526526527	1.60168618618619	1.15080310310310
6.27627627627628	1.60540900900901	1.15161681681682
6.28728728728729	1.60913183183183	1.15243053053053
6.29829829829830	1.61285465465465	1.15324424424424
6.30930930930931	1.61657747747748	1.15405795795796
6.32032032032032	1.62030030030030	1.15487167167167
6.33133133133133	1.62402312312312	1.15568538538539
6.34234234234234	1.62774594594595	1.15649909909910
6.35335335335335	1.63146876876877	1.15731281281281
6.36436436436437	1.63519159159159	1.15812652652653
6.37537537537538	1.63891441441441	1.15894024024024
6.38638638638639	1.64263723723724	1.15975395395395
6.39739739739740	1.64636006006006	1.16056766766767
6.40840840840841	1.65008288288288	1.16138138138138
6.41941941941942	1.65380570570571	1.16219509509510
6.43043043043043	1.65752852852853	1.16300880880881
6.44144144144144	1.66125135135135	1.16382252252252
6.45245245245245	1.66497417417417	1.16463623623624
6.46346346346346	1.66869699699700	1.16544994994995
6.47447447447448	1.67241981981982	1.16626366366366
6.48548548548549	1.67614264264264	1.16707737737738
6.49649649649650	1.67986546546547	1.16789109109109
6.50750750750751	1.68358828828829	1.16870480480480
6.51851851851852	1.68731111111111	1.16951851851852
6.52952952952953	1.69103393393393	1.17033223223223
6.54054054054054	1.69475675675676	1.17114594594595
6.55155155155155	1.69847957957958	1.17195965965966
6.56256256256256	1.70220240240240	1.17277337337337
6.57357357357357	1.70592522522523	1.17358708708709
6.58458458458459	1.70964804804805	1.17440080080080
6.59559559559560	1.71337087087087	1.17521451451451
6.60660660660661	1.71709369369369	1.17602822822823
6.61761761761762	1.72081651651652	1.17684194194194
6.62862862862863	1.72453933933934	1.17765565565566
6.63963963963964	1.72826216216216	1.17846936936937
6.65065065065065	1.73198498498498	1.17928308308308
6.66166166166166	1.73570780780781	1.18009679679680
6.67267267267267	1.73943063063063	1.18091051051051
6.68368368368368	1.74315345345345	1.18172422422422
6.69469469469470	1.74687627627628	1.18253793793794
6.70570570570571	1.75059909909910	1.18335165165165
6.71671671671672	1.75432192192192	1.18416536536537
6.72772772772773	1.75804474474475	1.18497907907908
6.73873873873874	1.76176756756757	1.18579279279279
6.74974974974975	1.76549039039039	1.18660650650651
6.76076076076076	1.76921321321321	1.18742022022022
6.77177177177177	1.77293603603604	1.18823393393393
6.78278278278278	1.77665885885886	1.18904764764765
6.79379379379379	1.78038168168168	1.18986136136136
6.80480480480481	1.78410450450450	1.19067507507508
6.81581581581582	1.78782732732733	1.19148878878879
6.82682682682683	1.79155015015015	1.19230250250250
6.83783783783784	1.79527297297297	1.19311621621622
6.84884884884885	1.79899579579580	1.19392992992993
6.85985985985986	1.80271861861862	1.19474364364364
6.87087087087087	1.80644144144144	1.19555735735736
6.88188188188188	1.81016426426426	1.19637107107107
6.89289289289289	1.81388708708709	1.19718478478479
6.90390390390390	1.81760990990991	1.19799849849850
6.91491491491492	1.82133273273273	1.19881221221221
6.92592592592593	1.82505555555556	1.19962592592593
6.93693693693694	1.82877837837838	1.20043963963964
6.94794794794795	1.83250120120120	1.20125335335335
6.95895895895896	1.83622402402402	1.20206706706707
6.96996996996997	1.83994684684685	1.20288078078078
6.98098098098098	1.84366966966967	1.20369449449449
6.99199199199199	1.84739249249249	1.20450820820821
7.00300300300300	1.85094084084084	1.20586396396396
7.01401401401401	1.85402392392392	1.20866516516517
7.02502502502503	1.85710700700701	1.21146636636637
7.03603603603604	1.86019009009009	1.21426756756757
7.04704704704705	1.86327317317317	1.21706876876877
7.05805805805806	1.86635625625626	1.21986996996997
7.06906906906907	1.86943933933934	1.22267117117117
7.08008008008008	1.87252242242242	1.22547237237237
7.09109109109109	1.87560550550551	1.22827357357357
7.10210210210210	1.87868858858859	1.23107477477478
7.11311311311311	1.88177167167167	1.23387597597598
7.12412412412412	1.88485475475476	1.23667717717718
7.13513513513514	1.88793783783784	1.23947837837838
7.14614614614615	1.89102092092092	1.24227957957958
7.15715715715716	1.89410400400400	1.24508078078078
7.16816816816817	1.89718708708709	1.24788198198198
7.17917917917918	1.90027017017017	1.25068318318318
7.19019019019019	1.90335325325325	1.25348438438438
7.20120120120120	1.90643633633634	1.25628558558559
7.21221221221221	1.90951941941942	1.25908678678679
7.22322322322322	1.91260250250250	1.26188798798799
7.23423423423423	1.91568558558559	1.26468918918919
7.24524524524525	1.91876866866867	1.26749039039039
7.25625625625626	1.92185175175175	1.27029159159159
7.26726726726727	1.92493483483484	1.27309279279279
7.27827827827828	1.92801791791792	1.27589399399399
7.28928928928929	1.93110100100100	1.27869519519520
7.30030030030030	1.93418408408408	1.28149639639640
7.31131131131131	1.93726716716717	1.28429759759760
7.32232232232232	1.94035025025025	1.28709879879880
7.33333333333333	1.94343333333333	1.28990000000000
7.34434434434435	1.94651641641642	1.29270120120120
7.35535535535536	1.94959949949950	1.29550240240240
7.36636636636637	1.95268258258258	1.29830360360360
7.37737737737738	1.95576566566567	1.30110480480480
7.38838838838839	1.95884874874875	1.30390600600601
7.39939939939940	1.96193183183183	1.30670720720721
7.41041041041041	1.96501491491492	1.30950840840841
7.42142142142142	1.96809799799800	1.31230960960961
7.43243243243243	1.97118108108108	1.31511081081081
7.44344344344344	1.97426416416416	1.31791201201201
7.45445445445446	1.97734724724725	1.32071321321321
7.46546546546547	1.98043033033033	1.32351441441441
7.47647647647648	1.98351341341341	1.32631561561562
7.48748748748749	1.98659649649650	1.32911681681682
7.49849849849850	1.98967957957958	1.33191801801802
7.50950950950951	1.99409209209209	1.33460244244244
7.52052052052052	1.99871451451451	1.33726842842843
7.53153153153153	2.00333693693694	1.33993441441441
7.54254254254254	2.00795935935936	1.34260040040040
7.55355355355355	2.01258178178178	1.34526638638639
7.56456456456457	2.01720420420420	1.34793237237237
7.57557557557558	2.02182662662663	1.35059835835836
7.58658658658659	2.02644904904905	1.35326434434434
7.59759759759760	2.03107147147147	1.35593033033033
7.60860860860861	2.03569389389389	1.35859631631632
7.61961961961962	2.04031631631632	1.36126230230230
7.63063063063063	2.04493873873874	1.36392828828829
7.64164164164164	2.04956116116116	1.36659427427427
7.65265265265265	2.05418358358358	1.36926026026026
7.66366366366366	2.05880600600601	1.37192624624625
7.67467467467468	2.06342842842843	1.37459223223223
7.68568568568569	2.06805085085085	1.37725821821822
7.69669669669670	2.07267327327327	1.37992420420420
7.70770770770771	2.07729569569570	1.38259019019019
7.71871871871872	2.08191811811812	1.38525617617618
7.72972972972973	2.08654054054054	1.38792216216216
7.74074074074074	2.09116296296296	1.39058814814815
7.75175175175175	2.09578538538539	1.39325413413413
7.76276276276276	2.10040780780781	1.39592012012012
7.77377377377377	2.10503023023023	1.39858610610611
7.78478478478479	2.10965265265265	1.40125209209209
7.79579579579580	2.11427507507508	1.40391807807808
7.80680680680681	2.11889749749750	1.40658406406406
7.81781781781782	2.12351991991992	1.40925005005005
7.82882882882883	2.12814234234234	1.41191603603604
7.83983983983984	2.13276476476476	1.41458202202202
7.85085085085085	2.13738718718719	1.41724800800801
7.86186186186186	2.14200960960961	1.41991399399399
7.87287287287287	2.14663203203203	1.42257997997998
7.88388388388388	2.15125445445445	1.42524596596597
7.89489489489490	2.15587687687688	1.42791195195195
7.90590590590591	2.16049929929930	1.43057793793794
7.91691691691692	2.16512172172172	1.43324392392392
7.92792792792793	2.16974414414414	1.43590990990991
7.93893893893894	2.17436656656657	1.43857589589590
7.94994994994995	2.17898898898899	1.44124188188188
7.96096096096096	2.18361141141141	1.44390786786787
7.97197197197197	2.18823383383383	1.44657385385385
7.98298298298298	2.19285625625626	1.44923983983984
7.99399399399399	2.19747867867868	1.45190582582583
8.00500500500501	2.20120120120120	1.45588592592593
8.01601601601602	2.20384384384384	1.46144296296296
8.02702702702703	2.20648648648649	1.46700000000000
8.03803803803804	2.20912912912913	1.47255703703704
8.04904904904905	2.21177177177177	1.47811407407407
8.06006006006006	2.21441441441441	1.48367111111111
8.07107107107107	2.21705705705706	1.48922814814815
8.08208208208208	2.21969969969970	1.49478518518518
8.09309309309309	2.22234234234234	1.50034222222222
8.10410410410410	2.22498498498499	1.50589925925926
8.11511511511512	2.22762762762763	1.51145629629630
8.12612612612613	2.23027027027027	1.51701333333333
8.13713713713714	2.23291291291291	1.52257037037037
8.14814814814815	2.23555555555556	1.52812740740741
8.15915915915916	2.23819819819820	1.53368444444444
8.17017017017017	2.24084084084084	1.53924148148148
8.18118118118118	2.24348348348348	1.54479851851852
8.19219219219219	2.24612612612613	1.55035555555556
8.20320320320320	2.24876876876877	1.55591259259259
8.21421421421421	2.25141141141141	1.56146962962963
8.22522522522523	2.25405405405405	1.56702666666667
8.23623623623624	2.25669669669670	1.57258370370370
8.24724724724725	2.25933933933934	1.57814074074074
8.25825825825826	2.26198198198198	1.58369777777778
8.26926926926927	2.26462462462462	1.58925481481482
8.28028028028028	2.26726726726727	1.59481185185185
8.29129129129129	2.26990990990991	1.60036888888889
8.30230230230230	2.27255255255255	1.60592592592593
8.31331331331331	2.27519519519520	1.61148296296296
8.32432432432433	2.27783783783784	1.61704000000000
8.33533533533534	2.28048048048048	1.62259703703704
8.34634634634635	2.28312312312312	1.62815407407407
8.35735735735736	2.28576576576577	1.63371111111111
8.36836836836837	2.28840840840841	1.63926814814815
8.37937937937938	2.29105105105105	1.64482518518519
8.39039039039039	2.29369369369369	1.65038222222222
8.40140140140140	2.29633633633634	1.65593925925926
8.41241241241241	2.29897897897898	1.66149629629630
8.42342342342342	2.30162162162162	1.66705333333333
8.43443443443444	2.30426426426426	1.67261037037037
8.44544544544545	2.30690690690691	1.67816740740741
8.45645645645646	2.30954954954955	1.68372444444444
8.46746746746747	2.31219219219219	1.68928148148148
8.47847847847848	2.31483483483484	1.69483851851852
8.48948948948949	2.31747747747748	1.70039555555556
8.50050050050050	2.32008008008008	1.70584902902903
8.51151151151151	2.32184184184184	1.70912766766767
8.52252252252252	2.32360360360360	1.71240630630631
8.53353353353353	2.32536536536537	1.71568494494495
8.54454454454455	2.32712712712713	1.71896358358358
8.55555555555556	2.32888888888889	1.72224222222222
8.56656656656657	2.33065065065065	1.72552086086086
8.57757757757758	2.33241241241241	1.72879949949950
8.58858858858859	2.33417417417417	1.73207813813814
8.59959959959960	2.33593593593594	1.73535677677678
8.61061061061061	2.33769769769770	1.73863541541542
8.62162162162162	2.33945945945946	1.74191405405405
8.63263263263263	2.34122122122122	1.74519269269269
8.64364364364364	2.34298298298298	1.74847133133133
8.65465465465466	2.34474474474474	1.75174996996997
8.66566566566567	2.34650650650651	1.75502860860861
8.67667667667668	2.34826826826827	1.75830724724725
8.68768768768769	2.35003003003003	1.76158588588589
8.69869869869870	2.35179179179179	1.76486452452452
8.70970970970971	2.35355355355355	1.76814316316316
8.72072072072072	2.35531531531532	1.77142180180180
8.73173173173173	2.35707707707708	1.77470044044044
8.74274274274274	2.35883883883884	1.77797907907908
8.75375375375375	2.36060060060060	1.78125771771772
8.76476476476477	2.36236236236236	1.78453635635636
8.77577577577578	2.36412412412412	1.78781499499499
8.78678678678679	2.36588588588589	1.79109363363363
8.79779779779780	2.36764764764765	1.79437227227227
8.80880880880881	2.36940940940941	1.79765091091091
8.81981981981982	2.37117117117117	1.80092954954955
8.83083083083083	2.37293293293293	1.80420818818819
8.84184184184184	2.37469469469469	1.80748682682683
8.85285285285285	2.37645645645646	1.81076546546547
8.86386386386386	2.37821821821822	1.81404410410410
8.87487487487488	2.37997997997998	1.81732274274274
8.88588588588589	2.38174174174174	1.82060138138138
8.89689689689690	2.38350350350350	1.82388002002002
8.90790790790791	2.38526526526527	1.82715865865866
8.91891891891892	2.38702702702703	1.83043729729730
8.92992992992993	2.38878878878879	1.83371593593594
8.94094094094094	2.39055055055055	1.83699457457457
8.95195195195195	2.39231231231231	1.84027321321321
8.96296296296296	2.39407407407407	1.84355185185185
8.97397397397397	2.39583583583584	1.84683049049049
8.98498498498499	2.39759759759760	1.85010912912913
8.99599599599600	2.39935935935936	1.85338776776777
9.00700700700701	2.40266266266266	1.85796326326326
9.01801801801802	2.40684684684685	1.86327981981982
9.02902902902903	2.41103103103103	1.86859637637638
9.04004004004004	2.41521521521522	1.87391293293293
9.05105105105105	2.41939939939940	1.87922948948949
9.06206206206206	2.42358358358358	1.88454604604605
9.07307307307307	2.42776776776777	1.88986260260260
9.08408408408408	2.43195195195195	1.89517915915916
9.09509509509510	2.43613613613614	1.90049571571572
9.10610610610611	2.44032032032032	1.90581227227227
9.11711711711712	2.44450450450450	1.91112882882883
9.12812812812813	2.44868868868869	1.91644538538539
9.13913913913914	2.45287287287287	1.92176194194194
9.15015015015015	2.45705705705706	1.92707849849850
9.16116116116116	2.46124124124124	1.93239505505505
9.17217217217217	2.46542542542543	1.93771161161161
9.18318318318318	2.46960960960961	1.94302816816817
9.19419419419419	2.47379379379379	1.94834472472473
9.20520520520521	2.47797797797798	1.95366128128128
9.21621621621622	2.48216216216216	1.95897783783784
9.22722722722723	2.48634634634635	1.96429439439439
9.23823823823824	2.49053053053053	1.96961095095095
9.24924924924925	2.49471471471471	1.97492750750751
9.26026026026026	2.49889889889890	1.98024406406406
9.27127127127127	2.50308308308308	1.98556062062062
9.28228228228228	2.50726726726727	1.99087717717718
9.29329329329329	2.51145145145145	1.99619373373373
9.30430430430431	2.51563563563564	2.00151029029029
9.31531531531532	2.51981981981982	2.00682684684685
9.32632632632633	2.52400400400400	2.01214340340340
9.33733733733734	2.52818818818819	2.01745995995996
9.34834834834835	2.53237237237237	2.02277651651652
9.35935935935936	2.53655655655656	2.02809307307307
9.37037037037037	2.54074074074074	2.03340962962963
9.38138138138138	2.54492492492492	2.03872618618619
9.39239239239239	2.54910910910911	2.04404274274274
9.40340340340340	2.55329329329329	2.04935929929930
9.41441441441442	2.55747747747748	2.05467585585586
9.42542542542543	2.56166166166166	2.05999241241241
9.43643643643644	2.56584584584585	2.06530896896897
9.44744744744745	2.57003003003003	2.07062552552553
9.45845845845846	2.57421421421421	2.07594208208208
9.46946946946947	2.57839839839840	2.08125863863864
9.48048048048048	2.58258258258258	2.08657519519520
9.49149149149149	2.58676676676677	2.09189175175175
9.50250250250250	2.59080080080080	2.09750150150150
9.51351351351351	2.59432432432432	2.10410810810811
9.52452452452453	2.59784784784785	2.11071471471471
9.53553553553554	2.60137137137137	2.11732132132132
9.54654654654655	2.60489489489489	2.12392792792793
9.55755755755756	2.60841841841842	2.13053453453454
9.56856856856857	2.61194194194194	2.13714114114114
9.57957957957958	2.61546546546547	2.14374774774775
9.59059059059059	2.61898898898899	2.15035435435435
9.60160160160160	2.62251251251251	2.15696096096096
9.61261261261261	2.62603603603604	2.16356756756757
9.62362362362362	2.62955955955956	2.17017417417417
9.63463463463464	2.63308308308308	2.17678078078078
9.64564564564565	2.63660660660661	2.18338738738739
9.65665665665666	2.64013013013013	2.18999399399399
9.66766766766767	2.64365365365365	2.19660060060060
9.67867867867868	2.64717717717718	2.20320720720721
9.68968968968969	2.65070070070070	2.20981381381381
9.70070070070070	2.65422422422422	2.21642042042042
9.71171171171171	2.65774774774775	2.22302702702703
9.72272272272272	2.66127127127127	2.22963363363363
9.73373373373373	2.66479479479480	2.23624024024024
9.74474474474475	2.66831831831832	2.24284684684685
9.75575575575576	2.67184184184184	2.24945345345345
9.76676676676677	2.67536536536537	2.25606006006006
9.77777777777778	2.67888888888889	2.26266666666667
9.78878878878879	2.68241241241241	2.26927327327327
9.79979979979980	2.68593593593594	2.27587987987988
9.81081081081081	2.68945945945946	2.28248648648649
9.82182182182182	2.69298298298298	2.28909309309309
9.83283283283283	2.69650650650651	2.29569969969970
9.84384384384384	2.70003003003003	2.30230630630631
9.85485485485486	2.70355355355355	2.30891291291291
9.86586586586587	2.70707707707708	2.31551951951952
9.87687687687688	2.71060060060060	2.32212612612613
9.88788788788789	2.71412412412412	2.32873273273273
9.89889889889890	2.71764764764765	2.33533933933934
9.90990990990991	2.72117117117117	2.34194594594595
9.92092092092092	2.72469469469469	2.34855255255255
9.93193193193193	2.72821821821822	2.35515915915916
9.94294294294294	2.73174174174174	2.36176576576577
9.95395395395395	2.73526526526527	2.36837237237237
9.96496496496497	2.73878878878879	2.37497897897898
9.97597597597598	2.74231231231231	2.38158558558559
9.98698698698699	2.74583583583584	2.38819219219219
9.99799799799800	2.74935935935936	2.39479879879880
10.0090090090090	2.75450450450450	2.39950810810811
10.0200200200200	2.76001001001001	2.40379579579580
10.0310310310310	2.76551551551552	2.40808348348348
10.0420420420420	2.77102102102102	2.41237117117117
10.0530530530531	2.77652652652653	2.41665885885886
10.0640640640641	2.78203203203203	2.42094654654655
10.0750750750751	2.78753753753754	2.42523423423423
10.0860860860861	2.79304304304304	2.42952192192192
10.0970970970971	2.79854854854855	2.43380960960961
10.1081081081081	2.80405405405405	2.43809729729730
10.1191191191191	2.80955955955956	2.44238498498499
10.1301301301301	2.81506506506507	2.44667267267267
10.1411411411411	2.82057057057057	2.45096036036036
10.1521521521522	2.82607607607608	2.45524804804805
10.1631631631632	2.83158158158158	2.45953573573574
10.1741741741742	2.83708708708709	2.46382342342342
10.1851851851852	2.84259259259259	2.46811111111111
10.1961961961962	2.84809809809810	2.47239879879880
10.2072072072072	2.85360360360360	2.47668648648649
10.2182182182182	2.85910910910911	2.48097417417417
10.2292292292292	2.86461461461461	2.48526186186186
10.2402402402402	2.87012012012012	2.48954954954955
10.2512512512513	2.87562562562563	2.49383723723724
10.2622622622623	2.88113113113113	2.49812492492492
10.2732732732733	2.88663663663664	2.50241261261261
10.2842842842843	2.89214214214214	2.50670030030030
10.2952952952953	2.89764764764765	2.51098798798799
10.3063063063063	2.90315315315315	2.51527567567568
10.3173173173173	2.90865865865866	2.51956336336336
10.3283283283283	2.91416416416416	2.52385105105105
10.3393393393393	2.91966966966967	2.52813873873874
10.3503503503504	2.92517517517518	2.53242642642643
10.3613613613614	2.93068068068068	2.53671411411411
10.3723723723724	2.93618618618619	2.54100180180180
10.3833833833834	2.94169169169169	2.54528948948949
10.3943943943944	2.94719719719720	2.54957717717718
10.4054054054054	2.95270270270270	2.55386486486487
10.4164164164164	2.95820820820821	2.55815255255255
10.4274274274274	2.96371371371371	2.56244024024024
10.4384384384384	2.96921921921922	2.56672792792793
10.4494494494495	2.97472472472473	2.57101561561562
10.4604604604605	2.98023023023023	2.57530330330330
10.4714714714715	2.98573573573574	2.57959099099099
10.4824824824825	2.99124124124124	2.58387867867868
10.4934934934935	2.99674674674675	2.58816636636637
10.5045045045045	3.00315315315315	2.59727027027027
10.5155155155155	3.01086086086086	2.61333093093093
10.5265265265265	3.01856856856857	2.62939159159159
10.5375375375375	3.02627627627628	2.64545225225225
10.5485485485485	3.03398398398398	2.66151291291291
10.5595595595596	3.04169169169169	2.67757357357357
10.5705705705706	3.04939939939940	2.69363423423423
10.5815815815816	3.05710710710711	2.70969489489489
10.5925925925926	3.06481481481482	2.72575555555556
10.6036036036036	3.07252252252252	2.74181621621622
10.6146146146146	3.08023023023023	2.75787687687688
10.6256256256256	3.08793793793794	2.77393753753754
10.6366366366366	3.09564564564565	2.78999819819820
10.6476476476476	3.10335335335335	2.80605885885886
10.6586586586587	3.11106106106106	2.82211951951952
10.6696696696697	3.11876876876877	2.83818018018018
10.6806806806807	3.12647647647648	2.85424084084084
10.6916916916917	3.13418418418418	2.87030150150150
10.7027027027027	3.14189189189189	2.88636216216216
10.7137137137137	3.14959959959960	2.90242282282282
10.7247247247247	3.15730730730731	2.91848348348348
10.7357357357357	3.16501501501502	2.93454414414414
10.7467467467467	3.17272272272272	2.95060480480480
10.7577577577578	3.18043043043043	2.96666546546547
10.7687687687688	3.18813813813814	2.98272612612613
10.7797797797798	3.19584584584585	2.99878678678679
10.7907907907908	3.20355355355355	3.01484744744745
10.8018018018018	3.21126126126126	3.03090810810811
10.8128128128128	3.21896896896897	3.04696876876877
10.8238238238238	3.22667667667668	3.06302942942943
10.8348348348348	3.23438438438438	3.07909009009009
10.8458458458458	3.24209209209209	3.09515075075075
10.8568568568569	3.24979979979980	3.11121141141141
10.8678678678679	3.25750750750751	3.12727207207207
10.8788788788789	3.26521521521522	3.14333273273273
10.8898898898899	3.27292292292292	3.15939339339339
10.9009009009009	3.28063063063063	3.17545405405405
10.9119119119119	3.28833833833834	3.19151471471471
10.9229229229229	3.29604604604605	3.20757537537538
10.9339339339339	3.30375375375375	3.22363603603604
10.9449449449449	3.31146146146146	3.23969669669670
10.9559559559560	3.31916916916917	3.25575735735736
10.9669669669670	3.32687687687688	3.27181801801802
10.9779779779780	3.33458458458459	3.28787867867868
10.9889889889890	3.34229229229229	3.30393933933934
11	3.35000000000000	3.32000000000000