0	1	1
0.0110110110110110	1.00084454454454	1.00022902902903
0.0220220220220220	1.00168908908909	1.00045805805806
0.0330330330330330	1.00253363363363	1.00068708708709
0.0440440440440440	1.00337817817818	1.00091611611612
0.0550550550550551	1.00422272272272	1.00114514514515
0.0660660660660661	1.00506726726727	1.00137417417417
0.0770770770770771	1.00591181181181	1.00160320320320
0.0880880880880881	1.00675635635636	1.00183223223223
0.0990990990990991	1.00760090090090	1.00206126126126
0.110110110110110	1.00844544544545	1.00229029029029
0.121121121121121	1.00928998998999	1.00251931931932
0.132132132132132	1.01013453453453	1.00274834834835
0.143143143143143	1.01097907907908	1.00297737737738
0.154154154154154	1.01182362362362	1.00320640640641
0.165165165165165	1.01266816816817	1.00343543543544
0.176176176176176	1.01351271271271	1.00366446446446
0.187187187187187	1.01435725725726	1.00389349349349
0.198198198198198	1.01520180180180	1.00412252252252
0.209209209209209	1.01604634634635	1.00435155155155
0.220220220220220	1.01689089089089	1.00458058058058
0.231231231231231	1.01773543543544	1.00480960960961
0.242242242242242	1.01857997997998	1.00503863863864
0.253253253253253	1.01942452452452	1.00526766766767
0.264264264264264	1.02026906906907	1.00549669669670
0.275275275275275	1.02111361361361	1.00572572572573
0.286286286286286	1.02195815815816	1.00595475475475
0.297297297297297	1.02280270270270	1.00618378378378
0.308308308308308	1.02364724724725	1.00641281281281
0.319319319319319	1.02449179179179	1.00664184184184
0.330330330330330	1.02533633633634	1.00687087087087
0.341341341341341	1.02618088088088	1.00709989989990
0.352352352352352	1.02702542542543	1.00732892892893
0.363363363363363	1.02786996996997	1.00755795795796
0.374374374374374	1.02871451451451	1.00778698698699
0.385385385385385	1.02955905905906	1.00801601601602
0.396396396396396	1.03040360360360	1.00824504504505
0.407407407407407	1.03124814814815	1.00847407407407
0.418418418418418	1.03209269269269	1.00870310310310
0.429429429429429	1.03293723723724	1.00893213213213
0.440440440440440	1.03378178178178	1.00916116116116
0.451451451451451	1.03462632632633	1.00939019019019
0.462462462462463	1.03547087087087	1.00961921921922
0.473473473473473	1.03631541541542	1.00984824824825
0.484484484484485	1.03715995995996	1.01007727727728
0.495495495495496	1.03800450450450	1.01030630630631
0.506506506506507	1.03884904904905	1.01053533533534
0.517517517517518	1.03969359359359	1.01076436436436
0.528528528528529	1.04053813813814	1.01099339339339
0.539539539539540	1.04138268268268	1.01122242242242
0.550550550550551	1.04222722722723	1.01145145145145
0.561561561561562	1.04307177177177	1.01168048048048
0.572572572572573	1.04391631631632	1.01190950950951
0.583583583583584	1.04476086086086	1.01213853853854
0.594594594594595	1.04560540540541	1.01236756756757
0.605605605605606	1.04644994994995	1.01259659659660
0.616616616616617	1.04729449449449	1.01282562562563
0.627627627627628	1.04813903903904	1.01305465465465
0.638638638638639	1.04898358358358	1.01328368368368
0.649649649649650	1.04982812812813	1.01351271271271
0.660660660660661	1.05067267267267	1.01374174174174
0.671671671671672	1.05151721721722	1.01397077077077
0.682682682682683	1.05236176176176	1.01419979979980
0.693693693693694	1.05320630630631	1.01442882882883
0.704704704704705	1.05405085085085	1.01465785785786
0.715715715715716	1.05489539539540	1.01488688688689
0.726726726726727	1.05573993993994	1.01511591591592
0.737737737737738	1.05658448448448	1.01534494494494
0.748748748748749	1.05742902902903	1.01557397397397
0.759759759759760	1.05827357357357	1.01580300300300
0.770770770770771	1.05911811811812	1.01603203203203
0.781781781781782	1.05996266266266	1.01626106106106
0.792792792792793	1.06080720720721	1.01649009009009
0.803803803803804	1.06165175175175	1.01671911911912
0.814814814814815	1.06249629629630	1.01694814814815
0.825825825825826	1.06334084084084	1.01717717717718
0.836836836836837	1.06418538538539	1.01740620620621
0.847847847847848	1.06502992992993	1.01763523523524
0.858858858858859	1.06587447447447	1.01786426426426
0.869869869869870	1.06671901901902	1.01809329329329
0.880880880880881	1.06756356356356	1.01832232232232
0.891891891891892	1.06840810810811	1.01855135135135
0.902902902902903	1.06925265265265	1.01878038038038
0.913913913913914	1.07009719719720	1.01900940940941
0.924924924924925	1.07094174174174	1.01923843843844
0.935935935935936	1.07178628628629	1.01946746746747
0.946946946946947	1.07263083083083	1.01969649649650
0.957957957957958	1.07347537537538	1.01992552552553
0.968968968968969	1.07431991991992	1.02015455455455
0.979979979979980	1.07516446446446	1.02038358358358
0.990990990990991	1.07600900900901	1.02061261261261
1.00200200200200	1.07674144144144	1.02081221221221
1.01301301301301	1.07696936936937	1.02087937937938
1.02402402402402	1.07719729729730	1.02094654654655
1.03503503503504	1.07742522522523	1.02101371371371
1.04604604604605	1.07765315315315	1.02108088088088
1.05705705705706	1.07788108108108	1.02114804804805
1.06806806806807	1.07810900900901	1.02121521521522
1.07907907907908	1.07833693693694	1.02128238238238
1.09009009009009	1.07856486486487	1.02134954954955
1.10110110110110	1.07879279279279	1.02141671671672
1.11211211211211	1.07902072072072	1.02148388388388
1.12312312312312	1.07924864864865	1.02155105105105
1.13413413413413	1.07947657657658	1.02161821821822
1.14514514514515	1.07970450450450	1.02168538538539
1.15615615615616	1.07993243243243	1.02175255255255
1.16716716716717	1.08016036036036	1.02181971971972
1.17817817817818	1.08038828828829	1.02188688688689
1.18918918918919	1.08061621621622	1.02195405405405
1.20020020020020	1.08084414414414	1.02202122122122
1.21121121121121	1.08107207207207	1.02208838838839
1.22222222222222	1.08130000000000	1.02215555555556
1.23323323323323	1.08152792792793	1.02222272272272
1.24424424424424	1.08175585585586	1.02228988988989
1.25525525525526	1.08198378378378	1.02235705705706
1.26626626626627	1.08221171171171	1.02242422422422
1.27727727727728	1.08243963963964	1.02249139139139
1.28828828828829	1.08266756756757	1.02255855855856
1.29929929929930	1.08289549549550	1.02262572572573
1.31031031031031	1.08312342342342	1.02269289289289
1.32132132132132	1.08335135135135	1.02276006006006
1.33233233233233	1.08357927927928	1.02282722722723
1.34334334334334	1.08380720720721	1.02289439439439
1.35435435435435	1.08403513513514	1.02296156156156
1.36536536536537	1.08426306306306	1.02302872872873
1.37637637637638	1.08449099099099	1.02309589589590
1.38738738738739	1.08471891891892	1.02316306306306
1.39839839839840	1.08494684684685	1.02323023023023
1.40940940940941	1.08517477477477	1.02329739739740
1.42042042042042	1.08540270270270	1.02336456456456
1.43143143143143	1.08563063063063	1.02343173173173
1.44244244244244	1.08585855855856	1.02349889889890
1.45345345345345	1.08608648648649	1.02356606606607
1.46446446446446	1.08631441441441	1.02363323323323
1.47547547547548	1.08654234234234	1.02370040040040
1.48648648648649	1.08677027027027	1.02376756756757
1.49749749749750	1.08699819819820	1.02383473473473
1.50850850850851	1.08722612612613	1.02390190190190
1.51951951951952	1.08745405405405	1.02396906906907
1.53053053053053	1.08768198198198	1.02403623623624
1.54154154154154	1.08790990990991	1.02410340340340
1.55255255255255	1.08813783783784	1.02417057057057
1.56356356356356	1.08836576576577	1.02423773773774
1.57457457457457	1.08859369369369	1.02430490490491
1.58558558558559	1.08882162162162	1.02437207207207
1.59659659659660	1.08904954954955	1.02443923923924
1.60760760760761	1.08927747747748	1.02450640640641
1.61861861861862	1.08950540540541	1.02457357357357
1.62962962962963	1.08973333333333	1.02464074074074
1.64064064064064	1.08996126126126	1.02470790790791
1.65165165165165	1.09018918918919	1.02477507507508
1.66266266266266	1.09041711711712	1.02484224224224
1.67367367367367	1.09064504504505	1.02490940940941
1.68468468468468	1.09087297297297	1.02497657657658
1.69569569569570	1.09110090090090	1.02504374374374
1.70670670670671	1.09132882882883	1.02511091091091
1.71771771771772	1.09155675675676	1.02517807807808
1.72872872872873	1.09178468468468	1.02524524524525
1.73973973973974	1.09201261261261	1.02531241241241
1.75075075075075	1.09224054054054	1.02537957957958
1.76176176176176	1.09246846846847	1.02544674674675
1.77277277277277	1.09269639639640	1.02551391391391
1.78378378378378	1.09292432432432	1.02558108108108
1.79479479479479	1.09315225225225	1.02564824824825
1.80580580580581	1.09338018018018	1.02571541541542
1.81681681681682	1.09360810810811	1.02578258258258
1.82782782782783	1.09383603603604	1.02584974974975
1.83883883883884	1.09406396396396	1.02591691691692
1.84984984984985	1.09429189189189	1.02598408408408
1.86086086086086	1.09451981981982	1.02605125125125
1.87187187187187	1.09474774774775	1.02611841841842
1.88288288288288	1.09497567567568	1.02618558558559
1.89389389389389	1.09520360360360	1.02625275275275
1.90490490490491	1.09543153153153	1.02631991991992
1.91591591591592	1.09565945945946	1.02638708708709
1.92692692692693	1.09588738738739	1.02645425425425
1.93793793793794	1.09611531531532	1.02652142142142
1.94894894894895	1.09634324324324	1.02658858858859
1.95995995995996	1.09657117117117	1.02665575575576
1.97097097097097	1.09679909909910	1.02672292292292
1.98198198198198	1.09702702702703	1.02679009009009
1.99299299299299	1.09725495495495	1.02685725725726
2.00400400400400	1.09770230230230	1.02699609609610
2.01501501501502	1.09853363363363	1.02726036036036
2.02602602602603	1.09936496496497	1.02752462462462
2.03703703703704	1.10019629629630	1.02778888888889
2.04804804804805	1.10102762762763	1.02805315315315
2.05905905905906	1.10185895895896	1.02831741741742
2.07007007007007	1.10269029029029	1.02858168168168
2.08108108108108	1.10352162162162	1.02884594594595
2.09209209209209	1.10435295295295	1.02911021021021
2.10310310310310	1.10518428428428	1.02937447447447
2.11411411411411	1.10601561561562	1.02963873873874
2.12512512512513	1.10684694694695	1.02990300300300
2.13613613613614	1.10767827827828	1.03016726726727
2.14714714714715	1.10850960960961	1.03043153153153
2.15815815815816	1.10934094094094	1.03069579579580
2.16916916916917	1.11017227227227	1.03096006006006
2.18018018018018	1.11100360360360	1.03122432432432
2.19119119119119	1.11183493493493	1.03148858858859
2.20220220220220	1.11266626626627	1.03175285285285
2.21321321321321	1.11349759759760	1.03201711711712
2.22422422422422	1.11432892892893	1.03228138138138
2.23523523523524	1.11516026026026	1.03254564564565
2.24624624624625	1.11599159159159	1.03280990990991
2.25725725725726	1.11682292292292	1.03307417417417
2.26826826826827	1.11765425425425	1.03333843843844
2.27927927927928	1.11848558558559	1.03360270270270
2.29029029029029	1.11931691691692	1.03386696696697
2.30130130130130	1.12014824824825	1.03413123123123
2.31231231231231	1.12097957957958	1.03439549549550
2.32332332332332	1.12181091091091	1.03465975975976
2.33433433433433	1.12264224224224	1.03492402402402
2.34534534534535	1.12347357357357	1.03518828828829
2.35635635635636	1.12430490490490	1.03545255255255
2.36736736736737	1.12513623623624	1.03571681681682
2.37837837837838	1.12596756756757	1.03598108108108
2.38938938938939	1.12679889889890	1.03624534534535
2.40040040040040	1.12763023023023	1.03650960960961
2.41141141141141	1.12846156156156	1.03677387387387
2.42242242242242	1.12929289289289	1.03703813813814
2.43343343343343	1.13012422422422	1.03730240240240
2.44444444444444	1.13095555555556	1.03756666666667
2.45545545545546	1.13178688688689	1.03783093093093
2.46646646646647	1.13261821821822	1.03809519519520
2.47747747747748	1.13344954954955	1.03835945945946
2.48848848848849	1.13428088088088	1.03862372372372
2.49949949949950	1.13511221221221	1.03888798798799
2.51051051051051	1.13594354354354	1.03915225225225
2.52152152152152	1.13677487487487	1.03941651651652
2.53253253253253	1.13760620620621	1.03968078078078
2.54354354354354	1.13843753753754	1.03994504504505
2.55455455455455	1.13926886886887	1.04020930930931
2.56556556556557	1.14010020020020	1.04047357357357
2.57657657657658	1.14093153153153	1.04073783783784
2.58758758758759	1.14176286286286	1.04100210210210
2.59859859859860	1.14259419419419	1.04126636636637
2.60960960960961	1.14342552552553	1.04153063063063
2.62062062062062	1.14425685685686	1.04179489489490
2.63163163163163	1.14508818818819	1.04205915915916
2.64264264264264	1.14591951951952	1.04232342342342
2.65365365365365	1.14675085085085	1.04258768768769
2.66466466466467	1.14758218218218	1.04285195195195
2.67567567567568	1.14841351351351	1.04311621621622
2.68668668668669	1.14924484484485	1.04338048048048
2.69769769769770	1.15007617617618	1.04364474474474
2.70870870870871	1.15090750750751	1.04390900900901
2.71971971971972	1.15173883883884	1.04417327327327
2.73073073073073	1.15257017017017	1.04443753753754
2.74174174174174	1.15340150150150	1.04470180180180
2.75275275275275	1.15423283283283	1.04496606606607
2.76376376376376	1.15506416416416	1.04523033033033
2.77477477477478	1.15589549549550	1.04549459459459
2.78578578578579	1.15672682682683	1.04575885885886
2.79679679679680	1.15755815815816	1.04602312312312
2.80780780780781	1.15838948948949	1.04628738738739
2.81881881881882	1.15922082082082	1.04655165165165
2.82982982982983	1.16005215215215	1.04681591591592
2.84084084084084	1.16088348348348	1.04708018018018
2.85185185185185	1.16171481481481	1.04734444444444
2.86286286286286	1.16254614614615	1.04760870870871
2.87387387387387	1.16337747747748	1.04787297297297
2.88488488488489	1.16420880880881	1.04813723723724
2.89589589589590	1.16504014014014	1.04840150150150
2.90690690690691	1.16587147147147	1.04866576576577
2.91791791791792	1.16670280280280	1.04893003003003
2.92892892892893	1.16753413413413	1.04919429429429
2.93993993993994	1.16836546546547	1.04945855855856
2.95095095095095	1.16919679679680	1.04972282282282
2.96196196196196	1.17002812812813	1.04998708708709
2.97297297297297	1.17085945945946	1.05025135135135
2.98398398398398	1.17169079079079	1.05051561561562
2.99499499499500	1.17252212212212	1.05077987987988
3.00600600600601	1.17334984984985	1.05105495495496
3.01701701701702	1.17417457457457	1.05133903903904
3.02802802802803	1.17499929929930	1.05162312312312
3.03903903903904	1.17582402402402	1.05190720720721
3.05005005005005	1.17664874874875	1.05219129129129
3.06106106106106	1.17747347347347	1.05247537537538
3.07207207207207	1.17829819819820	1.05275945945946
3.08308308308308	1.17912292292292	1.05304354354354
3.09409409409409	1.17994764764765	1.05332762762763
3.10510510510511	1.18077237237237	1.05361171171171
3.11611611611612	1.18159709709710	1.05389579579580
3.12712712712713	1.18242182182182	1.05417987987988
3.13813813813814	1.18324654654655	1.05446396396396
3.14914914914915	1.18407127127127	1.05474804804805
3.16016016016016	1.18489599599600	1.05503213213213
3.17117117117117	1.18572072072072	1.05531621621622
3.18218218218218	1.18654544544545	1.05560030030030
3.19319319319319	1.18737017017017	1.05588438438438
3.20420420420420	1.18819489489490	1.05616846846847
3.21521521521522	1.18901961961962	1.05645255255255
3.22622622622623	1.18984434434434	1.05673663663664
3.23723723723724	1.19066906906907	1.05702072072072
3.24824824824825	1.19149379379379	1.05730480480480
3.25925925925926	1.19231851851852	1.05758888888889
3.27027027027027	1.19314324324324	1.05787297297297
3.28128128128128	1.19396796796797	1.05815705705706
3.29229229229229	1.19479269269269	1.05844114114114
3.30330330330330	1.19561741741742	1.05872522522523
3.31431431431431	1.19644214214214	1.05900930930931
3.32532532532533	1.19726686686687	1.05929339339339
3.33633633633634	1.19809159159159	1.05957747747748
3.34734734734735	1.19891631631632	1.05986156156156
3.35835835835836	1.19974104104104	1.06014564564565
3.36936936936937	1.20056576576577	1.06042972972973
3.38038038038038	1.20139049049049	1.06071381381381
3.39139139139139	1.20221521521522	1.06099789789790
3.40240240240240	1.20303993993994	1.06128198198198
3.41341341341341	1.20386466466466	1.06156606606607
3.42442442442442	1.20468938938939	1.06185015015015
3.43543543543544	1.20551411411411	1.06213423423423
3.44644644644645	1.20633883883884	1.06241831831832
3.45745745745746	1.20716356356356	1.06270240240240
3.46846846846847	1.20798828828829	1.06298648648649
3.47947947947948	1.20881301301301	1.06327057057057
3.49049049049049	1.20963773773774	1.06355465465465
3.50150150150150	1.21046246246246	1.06383873873874
3.51251251251251	1.21128718718719	1.06412282282282
3.52352352352352	1.21211191191191	1.06440690690691
3.53453453453453	1.21293663663664	1.06469099099099
3.54554554554555	1.21376136136136	1.06497507507508
3.55655655655656	1.21458608608609	1.06525915915916
3.56756756756757	1.21541081081081	1.06554324324324
3.57857857857858	1.21623553553554	1.06582732732733
3.58958958958959	1.21706026026026	1.06611141141141
3.60060060060060	1.21788498498498	1.06639549549550
3.61161161161161	1.21870970970971	1.06667957957958
3.62262262262262	1.21953443443443	1.06696366366366
3.63363363363363	1.22035915915916	1.06724774774775
3.64464464464464	1.22118388388388	1.06753183183183
3.65565565565566	1.22200860860861	1.06781591591592
3.66666666666667	1.22283333333333	1.06810000000000
3.67767767767768	1.22365805805806	1.06838408408408
3.68868868868869	1.22448278278278	1.06866816816817
3.69969969969970	1.22530750750751	1.06895225225225
3.71071071071071	1.22613223223223	1.06923633633634
3.72172172172172	1.22695695695696	1.06952042042042
3.73273273273273	1.22778168168168	1.06980450450450
3.74374374374374	1.22860640640641	1.07008858858859
3.75475475475476	1.22943113113113	1.07037267267267
3.76576576576577	1.23025585585586	1.07065675675676
3.77677677677678	1.23108058058058	1.07094084084084
3.78778778778779	1.23190530530531	1.07122492492493
3.79879879879880	1.23273003003003	1.07150900900901
3.80980980980981	1.23355475475475	1.07179309309309
3.82082082082082	1.23437947947948	1.07207717717718
3.83183183183183	1.23520420420420	1.07236126126126
3.84284284284284	1.23602892892893	1.07264534534535
3.85385385385385	1.23685365365365	1.07292942942943
3.86486486486487	1.23767837837838	1.07321351351351
3.87587587587588	1.23850310310310	1.07349759759760
3.88688688688689	1.23932782782783	1.07378168168168
3.89789789789790	1.24015255255255	1.07406576576577
3.90890890890891	1.24097727727728	1.07434984984985
3.91991991991992	1.24180200200200	1.07463393393393
3.93093093093093	1.24262672672673	1.07491801801802
3.94194194194194	1.24345145145145	1.07520210210210
3.95295295295295	1.24427617617618	1.07548618618619
3.96396396396396	1.24510090090090	1.07577027027027
3.97497497497498	1.24592562562563	1.07605435435435
3.98598598598599	1.24675035035035	1.07633843843844
3.99699699699700	1.24757507507508	1.07662252252252
4.00800800800801	1.24890670670671	1.07710520520521
4.01901901901902	1.25042842842843	1.07766236236236
4.03003003003003	1.25195015015015	1.07821951951952
4.04104104104104	1.25347187187187	1.07877667667668
4.05205205205205	1.25499359359359	1.07933383383383
4.06306306306306	1.25651531531532	1.07989099099099
4.07407407407407	1.25803703703704	1.08044814814815
4.08508508508509	1.25955875875876	1.08100530530531
4.09609609609610	1.26108048048048	1.08156246246246
4.10710710710711	1.26260220220220	1.08211961961962
4.11811811811812	1.26412392392392	1.08267677677678
4.12912912912913	1.26564564564565	1.08323393393393
4.14014014014014	1.26716736736737	1.08379109109109
4.15115115115115	1.26868908908909	1.08434824824825
4.16216216216216	1.27021081081081	1.08490540540541
4.17317317317317	1.27173253253253	1.08546256256256
4.18418418418418	1.27325425425425	1.08601971971972
4.19519519519520	1.27477597597598	1.08657687687688
4.20620620620621	1.27629769769770	1.08713403403403
4.21721721721722	1.27781941941942	1.08769119119119
4.22822822822823	1.27934114114114	1.08824834834835
4.23923923923924	1.28086286286286	1.08880550550551
4.25025025025025	1.28238458458458	1.08936266266266
4.26126126126126	1.28390630630631	1.08991981981982
4.27227227227227	1.28542802802803	1.09047697697698
4.28328328328328	1.28694974974975	1.09103413413413
4.29429429429429	1.28847147147147	1.09159129129129
4.30530530530531	1.28999319319319	1.09214844844845
4.31631631631632	1.29151491491492	1.09270560560561
4.32732732732733	1.29303663663664	1.09326276276276
4.33833833833834	1.29455835835836	1.09381991991992
4.34934934934935	1.29608008008008	1.09437707707708
4.36036036036036	1.29760180180180	1.09493423423423
4.37137137137137	1.29912352352352	1.09549139139139
4.38238238238238	1.30064524524525	1.09604854854855
4.39339339339339	1.30216696696697	1.09660570570571
4.40440440440441	1.30368868868869	1.09716286286286
4.41541541541542	1.30521041041041	1.09772002002002
4.42642642642643	1.30673213213213	1.09827717717718
4.43743743743744	1.30825385385385	1.09883433433433
4.44844844844845	1.30977557557558	1.09939149149149
4.45945945945946	1.31129729729730	1.09994864864865
4.47047047047047	1.31281901901902	1.10050580580581
4.48148148148148	1.31434074074074	1.10106296296296
4.49249249249249	1.31586246246246	1.10162012012012
4.50350350350350	1.31738418418418	1.10217727727728
4.51451451451452	1.31890590590591	1.10273443443443
4.52552552552553	1.32042762762763	1.10329159159159
4.53653653653654	1.32194934934935	1.10384874874875
4.54754754754755	1.32347107107107	1.10440590590591
4.55855855855856	1.32499279279279	1.10496306306306
4.56956956956957	1.32651451451451	1.10552022022022
4.58058058058058	1.32803623623624	1.10607737737738
4.59159159159159	1.32955795795796	1.10663453453453
4.60260260260260	1.33107967967968	1.10719169169169
4.61361361361361	1.33260140140140	1.10774884884885
4.62462462462463	1.33412312312312	1.10830600600601
4.63563563563564	1.33564484484484	1.10886316316316
4.64664664664665	1.33716656656657	1.10942032032032
4.65765765765766	1.33868828828829	1.10997747747748
4.66866866866867	1.34021001001001	1.11053463463463
4.67967967967968	1.34173173173173	1.11109179179179
4.69069069069069	1.34325345345345	1.11164894894895
4.70170170170170	1.34477517517518	1.11220610610611
4.71271271271271	1.34629689689690	1.11276326326326
4.72372372372372	1.34781861861862	1.11332042042042
4.73473473473474	1.34934034034034	1.11387757757758
4.74574574574575	1.35086206206206	1.11443473473473
4.75675675675676	1.35238378378378	1.11499189189189
4.76776776776777	1.35390550550551	1.11554904904905
4.77877877877878	1.35542722722723	1.11610620620621
4.78978978978979	1.35694894894895	1.11666336336336
4.80080080080080	1.35847067067067	1.11722052052052
4.81181181181181	1.35999239239239	1.11777767767768
4.82282282282282	1.36151411411411	1.11833483483483
4.83383383383383	1.36303583583584	1.11889199199199
4.84484484484485	1.36455755755756	1.11944914914915
4.85585585585586	1.36607927927928	1.12000630630631
4.86686686686687	1.36760100100100	1.12056346346346
4.87787787787788	1.36912272272272	1.12112062062062
4.88888888888889	1.37064444444444	1.12167777777778
4.89989989989990	1.37216616616617	1.12223493493494
4.91091091091091	1.37368788788789	1.12279209209209
4.92192192192192	1.37520960960961	1.12334924924925
4.93293293293293	1.37673133133133	1.12390640640641
4.94394394394394	1.37825305305305	1.12446356356356
4.95495495495496	1.37977477477477	1.12502072072072
4.96596596596597	1.38129649649650	1.12557787787788
4.97697697697698	1.38281821821822	1.12613503503504
4.98798798798799	1.38433993993994	1.12669219219219
4.99899899899900	1.38586166166166	1.12724934934935
5.01001001001001	1.38923723723724	1.12850620620621
5.02102102102102	1.39279819819820	1.12983303303303
5.03203203203203	1.39635915915916	1.13115985985986
5.04304304304304	1.39992012012012	1.13248668668669
5.05405405405405	1.40348108108108	1.13381351351351
5.06506506506507	1.40704204204204	1.13514034034034
5.07607607607608	1.41060300300300	1.13646716716717
5.08708708708709	1.41416396396396	1.13779399399399
5.09809809809810	1.41772492492492	1.13912082082082
5.10910910910911	1.42128588588589	1.14044764764765
5.12012012012012	1.42484684684685	1.14177447447447
5.13113113113113	1.42840780780781	1.14310130130130
5.14214214214214	1.43196876876877	1.14442812812813
5.15315315315315	1.43552972972973	1.14575495495495
5.16416416416416	1.43909069069069	1.14708178178178
5.17517517517518	1.44265165165165	1.14840860860861
5.18618618618619	1.44621261261261	1.14973543543544
5.19719719719720	1.44977357357357	1.15106226226226
5.20820820820821	1.45333453453453	1.15238908908909
5.21921921921922	1.45689549549550	1.15371591591592
5.23023023023023	1.46045645645646	1.15504274274274
5.24124124124124	1.46401741741742	1.15636956956957
5.25225225225225	1.46757837837838	1.15769639639640
5.26326326326326	1.47113933933934	1.15902322322322
5.27427427427427	1.47470030030030	1.16035005005005
5.28528528528529	1.47826126126126	1.16167687687688
5.29629629629630	1.48182222222222	1.16300370370370
5.30730730730731	1.48538318318318	1.16433053053053
5.31831831831832	1.48894414414414	1.16565735735736
5.32932932932933	1.49250510510511	1.16698418418418
5.34034034034034	1.49606606606607	1.16831101101101
5.35135135135135	1.49962702702703	1.16963783783784
5.36236236236236	1.50318798798799	1.17096466466466
5.37337337337337	1.50674894894895	1.17229149149149
5.38438438438439	1.51030990990991	1.17361831831832
5.39539539539540	1.51387087087087	1.17494514514515
5.40640640640641	1.51743183183183	1.17627197197197
5.41741741741742	1.52099279279279	1.17759879879880
5.42842842842843	1.52455375375375	1.17892562562563
5.43943943943944	1.52811471471471	1.18025245245245
5.45045045045045	1.53167567567568	1.18157927927928
5.46146146146146	1.53523663663664	1.18290610610611
5.47247247247247	1.53879759759760	1.18423293293293
5.48348348348348	1.54235855855856	1.18555975975976
5.49449449449450	1.54591951951952	1.18688658658659
5.50550550550551	1.54948048048048	1.18821341341341
5.51651651651652	1.55304144144144	1.18954024024024
5.52752752752753	1.55660240240240	1.19086706706707
5.53853853853854	1.56016336336336	1.19219389389389
5.54954954954955	1.56372432432432	1.19352072072072
5.56056056056056	1.56728528528529	1.19484754754755
5.57157157157157	1.57084624624625	1.19617437437437
5.58258258258258	1.57440720720721	1.19750120120120
5.59359359359359	1.57796816816817	1.19882802802803
5.60460460460461	1.58152912912913	1.20015485485485
5.61561561561562	1.58509009009009	1.20148168168168
5.62662662662663	1.58865105105105	1.20280850850851
5.63763763763764	1.59221201201201	1.20413533533534
5.64864864864865	1.59577297297297	1.20546216216216
5.65965965965966	1.59933393393393	1.20678898898899
5.67067067067067	1.60289489489490	1.20811581581582
5.68168168168168	1.60645585585586	1.20944264264264
5.69269269269269	1.61001681681682	1.21076946946947
5.70370370370370	1.61357777777778	1.21209629629630
5.71471471471472	1.61713873873874	1.21342312312312
5.72572572572573	1.62069969969970	1.21474994994995
5.73673673673674	1.62426066066066	1.21607677677678
5.74774774774775	1.62782162162162	1.21740360360360
5.75875875875876	1.63138258258258	1.21873043043043
5.76976976976977	1.63494354354354	1.22005725725726
5.78078078078078	1.63850450450450	1.22138408408408
5.79179179179179	1.64206546546547	1.22271091091091
5.80280280280280	1.64562642642643	1.22403773773774
5.81381381381381	1.64918738738739	1.22536456456456
5.82482482482483	1.65274834834835	1.22669139139139
5.83583583583584	1.65630930930931	1.22801821821822
5.84684684684685	1.65987027027027	1.22934504504505
5.85785785785786	1.66343123123123	1.23067187187187
5.86886886886887	1.66699219219219	1.23199869869870
5.87987987987988	1.67055315315315	1.23332552552553
5.89089089089089	1.67411411411411	1.23465235235235
5.90190190190190	1.67767507507508	1.23597917917918
5.91291291291291	1.68123603603604	1.23730600600601
5.92392392392392	1.68479699699700	1.23863283283283
5.93493493493494	1.68835795795796	1.23995965965966
5.94594594594595	1.69191891891892	1.24128648648649
5.95695695695696	1.69547987987988	1.24261331331331
5.96796796796797	1.69904084084084	1.24394014014014
5.97897897897898	1.70260180180180	1.24526696696697
5.98998998998999	1.70616276276276	1.24659379379379
6.00100100100100	1.70978608608609	1.24793833833834
6.01201201201201	1.71403303303303	1.24946006006006
6.02302302302302	1.71827997997998	1.25098178178178
6.03403403403403	1.72252692692693	1.25250350350350
6.04504504504505	1.72677387387387	1.25402522522523
6.05605605605606	1.73102082082082	1.25554694694695
6.06706706706707	1.73526776776777	1.25706866866867
6.07807807807808	1.73951471471471	1.25859039039039
6.08908908908909	1.74376166166166	1.26011211211211
6.10010010010010	1.74800860860861	1.26163383383383
6.11111111111111	1.75225555555556	1.26315555555556
6.12212212212212	1.75650250250250	1.26467727727728
6.13313313313313	1.76074944944945	1.26619899899900
6.14414414414414	1.76499639639640	1.26772072072072
6.15515515515516	1.76924334334334	1.26924244244244
6.16616616616617	1.77349029029029	1.27076416416416
6.17717717717718	1.77773723723724	1.27228588588589
6.18818818818819	1.78198418418418	1.27380760760761
6.19919919919920	1.78623113113113	1.27532932932933
6.21021021021021	1.79047807807808	1.27685105105105
6.22122122122122	1.79472502502502	1.27837277277277
6.23223223223223	1.79897197197197	1.27989449449449
6.24324324324324	1.80321891891892	1.28141621621622
6.25425425425425	1.80746586586587	1.28293793793794
6.26526526526527	1.81171281281281	1.28445965965966
6.27627627627628	1.81595975975976	1.28598138138138
6.28728728728729	1.82020670670671	1.28750310310310
6.29829829829830	1.82445365365365	1.28902482482482
6.30930930930931	1.82870060060060	1.29054654654655
6.32032032032032	1.83294754754755	1.29206826826827
6.33133133133133	1.83719449449449	1.29358998998999
6.34234234234234	1.84144144144144	1.29511171171171
6.35335335335335	1.84568838838839	1.29663343343343
6.36436436436437	1.84993533533534	1.29815515515516
6.37537537537538	1.85418228228228	1.29967687687688
6.38638638638639	1.85842922922923	1.30119859859860
6.39739739739740	1.86267617617618	1.30272032032032
6.40840840840841	1.86692312312312	1.30424204204204
6.41941941941942	1.87117007007007	1.30576376376376
6.43043043043043	1.87541701701702	1.30728548548549
6.44144144144144	1.87966396396396	1.30880720720721
6.45245245245245	1.88391091091091	1.31032892892893
6.46346346346346	1.88815785785786	1.31185065065065
6.47447447447448	1.89240480480480	1.31337237237237
6.48548548548549	1.89665175175175	1.31489409409409
6.49649649649650	1.90089869869870	1.31641581581582
6.50750750750751	1.90514564564565	1.31793753753754
6.51851851851852	1.90939259259259	1.31945925925926
6.52952952952953	1.91363953953954	1.32098098098098
6.54054054054054	1.91788648648649	1.32250270270270
6.55155155155155	1.92213343343343	1.32402442442442
6.56256256256256	1.92638038038038	1.32554614614615
6.57357357357357	1.93062732732733	1.32706786786787
6.58458458458459	1.93487427427427	1.32858958958959
6.59559559559560	1.93912122122122	1.33011131131131
6.60660660660661	1.94336816816817	1.33163303303303
6.61761761761762	1.94761511511512	1.33315475475475
6.62862862862863	1.95186206206206	1.33467647647648
6.63963963963964	1.95610900900901	1.33619819819820
6.65065065065065	1.96035595595596	1.33771991991992
6.66166166166166	1.96460290290290	1.33924164164164
6.67267267267267	1.96884984984985	1.34076336336336
6.68368368368368	1.97309679679680	1.34228508508509
6.69469469469470	1.97734374374374	1.34380680680681
6.70570570570571	1.98159069069069	1.34532852852853
6.71671671671672	1.98583763763764	1.34685025025025
6.72772772772773	1.99008458458458	1.34837197197197
6.73873873873874	1.99433153153153	1.34989369369369
6.74974974974975	1.99857847847848	1.35141541541542
6.76076076076076	2.00282542542543	1.35293713713714
6.77177177177177	2.00707237237237	1.35445885885886
6.78278278278278	2.01131931931932	1.35598058058058
6.79379379379379	2.01556626626627	1.35750230230230
6.80480480480481	2.01981321321321	1.35902402402402
6.81581581581582	2.02406016016016	1.36054574574575
6.82682682682683	2.02830710710711	1.36206746746747
6.83783783783784	2.03255405405405	1.36358918918919
6.84884884884885	2.03680100100100	1.36511091091091
6.85985985985986	2.04104794794795	1.36663263263263
6.87087087087087	2.04529489489490	1.36815435435435
6.88188188188188	2.04954184184184	1.36967607607608
6.89289289289289	2.05378878878879	1.37119779779780
6.90390390390390	2.05803573573574	1.37271951951952
6.91491491491492	2.06228268268268	1.37424124124124
6.92592592592593	2.06652962962963	1.37576296296296
6.93693693693694	2.07077657657658	1.37728468468468
6.94794794794795	2.07502352352352	1.37880640640641
6.95895895895896	2.07927047047047	1.38032812812813
6.96996996996997	2.08351741741742	1.38184984984985
6.98098098098098	2.08776436436436	1.38337157157157
6.99199199199199	2.09201131131131	1.38489329329329
7.00300300300300	2.09575615615616	1.38697117117117
7.01401401401401	2.09816206206206	1.39053213213213
7.02502502502503	2.10056796796797	1.39409309309309
7.03603603603604	2.10297387387387	1.39765405405405
7.04704704704705	2.10537977977978	1.40121501501501
7.05805805805806	2.10778568568569	1.40477597597598
7.06906906906907	2.11019159159159	1.40833693693694
7.08008008008008	2.11259749749750	1.41189789789790
7.09109109109109	2.11500340340340	1.41545885885886
7.10210210210210	2.11740930930931	1.41901981981982
7.11311311311311	2.11981521521522	1.42258078078078
7.12412412412412	2.12222112112112	1.42614174174174
7.13513513513514	2.12462702702703	1.42970270270270
7.14614614614615	2.12703293293293	1.43326366366366
7.15715715715716	2.12943883883884	1.43682462462462
7.16816816816817	2.13184474474474	1.44038558558559
7.17917917917918	2.13425065065065	1.44394654654655
7.19019019019019	2.13665655655656	1.44750750750751
7.20120120120120	2.13906246246246	1.45106846846847
7.21221221221221	2.14146836836837	1.45462942942943
7.22322322322322	2.14387427427427	1.45819039039039
7.23423423423423	2.14628018018018	1.46175135135135
7.24524524524525	2.14868608608609	1.46531231231231
7.25625625625626	2.15109199199199	1.46887327327327
7.26726726726727	2.15349789789790	1.47243423423423
7.27827827827828	2.15590380380380	1.47599519519520
7.28928928928929	2.15830970970971	1.47955615615616
7.30030030030030	2.16071561561562	1.48311711711712
7.31131131131131	2.16312152152152	1.48667807807808
7.32232232232232	2.16552742742743	1.49023903903904
7.33333333333333	2.16793333333333	1.49380000000000
7.34434434434435	2.17033923923924	1.49736096096096
7.35535535535536	2.17274514514515	1.50092192192192
7.36636636636637	2.17515105105105	1.50448288288288
7.37737737737738	2.17755695695696	1.50804384384384
7.38838838838839	2.17996286286286	1.51160480480480
7.39939939939940	2.18236876876877	1.51516576576577
7.41041041041041	2.18477467467468	1.51872672672673
7.42142142142142	2.18718058058058	1.52228768768769
7.43243243243243	2.18958648648649	1.52584864864865
7.44344344344344	2.19199239239239	1.52940960960961
7.45445445445446	2.19439829829830	1.53297057057057
7.46546546546547	2.19680420420420	1.53653153153153
7.47647647647648	2.19921011011011	1.54009249249249
7.48748748748749	2.20161601601602	1.54365345345345
7.49849849849850	2.20402192192192	1.54721441441441
7.50950950950951	2.20642782782783	1.55077537537538
7.52052052052052	2.20883373373373	1.55433633633634
7.53153153153153	2.21123963963964	1.55789729729730
7.54254254254254	2.21364554554555	1.56145825825826
7.55355355355355	2.21605145145145	1.56501921921922
7.56456456456457	2.21845735735736	1.56858018018018
7.57557557557558	2.22086326326326	1.57214114114114
7.58658658658659	2.22326916916917	1.57570210210210
7.59759759759760	2.22567507507508	1.57926306306306
7.60860860860861	2.22808098098098	1.58282402402402
7.61961961961962	2.23048688688689	1.58638498498499
7.63063063063063	2.23289279279279	1.58994594594595
7.64164164164164	2.23529869869870	1.59350690690691
7.65265265265265	2.23770460460460	1.59706786786787
7.66366366366366	2.24011051051051	1.60062882882883
7.67467467467468	2.24251641641642	1.60418978978979
7.68568568568569	2.24492232232232	1.60775075075075
7.69669669669670	2.24732822822823	1.61131171171171
7.70770770770771	2.24973413413413	1.61487267267267
7.71871871871872	2.25214004004004	1.61843363363363
7.72972972972973	2.25454594594595	1.62199459459459
7.74074074074074	2.25695185185185	1.62555555555556
7.75175175175175	2.25935775775776	1.62911651651652
7.76276276276276	2.26176366366366	1.63267747747748
7.77377377377377	2.26416956956957	1.63623843843844
7.78478478478479	2.26657547547548	1.63979939939940
7.79579579579580	2.26898138138138	1.64336036036036
7.80680680680681	2.27138728728729	1.64692132132132
7.81781781781782	2.27379319319319	1.65048228228228
7.82882882882883	2.27619909909910	1.65404324324324
7.83983983983984	2.27860500500501	1.65760420420420
7.85085085085085	2.28101091091091	1.66116516516517
7.86186186186186	2.28341681681682	1.66472612612613
7.87287287287287	2.28582272272272	1.66828708708709
7.88388388388388	2.28822862862863	1.67184804804805
7.89489489489490	2.29063453453453	1.67540900900901
7.90590590590591	2.29304044044044	1.67896996996997
7.91691691691692	2.29544634634635	1.68253093093093
7.92792792792793	2.29785225225225	1.68609189189189
7.93893893893894	2.30025815815816	1.68965285285285
7.94994994994995	2.30266406406406	1.69321381381381
7.96096096096096	2.30506996996997	1.69677477477477
7.97197197197197	2.30747587587588	1.70033573573574
7.98298298298298	2.30988178178178	1.70389669669670
7.99399399399399	2.31228768768769	1.70745765765766
8.00500500500501	2.31487027027027	1.71086896896897
8.01601601601602	2.31766486486487	1.71410070070070
8.02702702702703	2.32045945945946	1.71733243243243
8.03803803803804	2.32325405405405	1.72056416416416
8.04904904904905	2.32604864864865	1.72379589589590
8.06006006006006	2.32884324324324	1.72702762762763
8.07107107107107	2.33163783783784	1.73025935935936
8.08208208208208	2.33443243243243	1.73349109109109
8.09309309309309	2.33722702702703	1.73672282282282
8.10410410410410	2.34002162162162	1.73995455455455
8.11511511511512	2.34281621621622	1.74318628628629
8.12612612612613	2.34561081081081	1.74641801801802
8.13713713713714	2.34840540540541	1.74964974974975
8.14814814814815	2.35120000000000	1.75288148148148
8.15915915915916	2.35399459459459	1.75611321321321
8.17017017017017	2.35678918918919	1.75934494494495
8.18118118118118	2.35958378378378	1.76257667667668
8.19219219219219	2.36237837837838	1.76580840840841
8.20320320320320	2.36517297297297	1.76904014014014
8.21421421421421	2.36796756756757	1.77227187187187
8.22522522522523	2.37076216216216	1.77550360360360
8.23623623623624	2.37355675675676	1.77873533533534
8.24724724724725	2.37635135135135	1.78196706706707
8.25825825825826	2.37914594594595	1.78519879879880
8.26926926926927	2.38194054054054	1.78843053053053
8.28028028028028	2.38473513513514	1.79166226226226
8.29129129129129	2.38752972972973	1.79489399399399
8.30230230230230	2.39032432432432	1.79812572572573
8.31331331331331	2.39311891891892	1.80135745745746
8.32432432432433	2.39591351351351	1.80458918918919
8.33533533533534	2.39870810810811	1.80782092092092
8.34634634634635	2.40150270270270	1.81105265265265
8.35735735735736	2.40429729729730	1.81428438438438
8.36836836836837	2.40709189189189	1.81751611611612
8.37937937937938	2.40988648648649	1.82074784784785
8.39039039039039	2.41268108108108	1.82397957957958
8.40140140140140	2.41547567567568	1.82721131131131
8.41241241241241	2.41827027027027	1.83044304304304
8.42342342342342	2.42106486486487	1.83367477477477
8.43443443443444	2.42385945945946	1.83690650650651
8.44544544544545	2.42665405405405	1.84013823823824
8.45645645645646	2.42944864864865	1.84336996996997
8.46746746746747	2.43224324324324	1.84660170170170
8.47847847847848	2.43503783783784	1.84983343343343
8.48948948948949	2.43783243243243	1.85306516516517
8.50050050050050	2.44062702702703	1.85629689689690
8.51151151151151	2.44342162162162	1.85952862862863
8.52252252252252	2.44621621621622	1.86276036036036
8.53353353353353	2.44901081081081	1.86599209209209
8.54454454454455	2.45180540540541	1.86922382382382
8.55555555555556	2.45460000000000	1.87245555555556
8.56656656656657	2.45739459459459	1.87568728728729
8.57757757757758	2.46018918918919	1.87891901901902
8.58858858858859	2.46298378378378	1.88215075075075
8.59959959959960	2.46577837837838	1.88538248248248
8.61061061061061	2.46857297297297	1.88861421421421
8.62162162162162	2.47136756756757	1.89184594594595
8.63263263263263	2.47416216216216	1.89507767767768
8.64364364364364	2.47695675675676	1.89830940940941
8.65465465465466	2.47975135135135	1.90154114114114
8.66566566566567	2.48254594594595	1.90477287287287
8.67667667667668	2.48534054054054	1.90800460460460
8.68768768768769	2.48813513513514	1.91123633633634
8.69869869869870	2.49092972972973	1.91446806806807
8.70970970970971	2.49372432432432	1.91769979979980
8.72072072072072	2.49651891891892	1.92093153153153
8.73173173173173	2.49931351351351	1.92416326326326
8.74274274274274	2.50210810810811	1.92739499499500
8.75375375375375	2.50490270270270	1.93062672672673
8.76476476476477	2.50769729729730	1.93385845845846
8.77577577577578	2.51049189189189	1.93709019019019
8.78678678678679	2.51328648648649	1.94032192192192
8.79779779779780	2.51608108108108	1.94355365365365
8.80880880880881	2.51887567567568	1.94678538538539
8.81981981981982	2.52167027027027	1.95001711711712
8.83083083083083	2.52446486486487	1.95324884884885
8.84184184184184	2.52725945945946	1.95648058058058
8.85285285285285	2.53005405405405	1.95971231231231
8.86386386386386	2.53284864864865	1.96294404404404
8.87487487487488	2.53564324324324	1.96617577577578
8.88588588588589	2.53843783783784	1.96940750750751
8.89689689689690	2.54123243243243	1.97263923923924
8.90790790790791	2.54402702702703	1.97587097097097
8.91891891891892	2.54682162162162	1.97910270270270
8.92992992992993	2.54961621621622	1.98233443443443
8.94094094094094	2.55241081081081	1.98556616616617
8.95195195195195	2.55520540540541	1.98879789789790
8.96296296296296	2.55800000000000	1.99202962962963
8.97397397397397	2.56079459459459	1.99526136136136
8.98498498498499	2.56358918918919	1.99849309309309
8.99599599599600	2.56638378378378	2.00172482482482
9.00700700700701	2.56917837837838	2.00602372372372
9.01801801801802	2.57197297297297	2.01093243243243
9.02902902902903	2.57476756756757	2.01584114114114
9.04004004004004	2.57756216216216	2.02074984984985
9.05105105105105	2.58035675675676	2.02565855855856
9.06206206206206	2.58315135135135	2.03056726726727
9.07307307307307	2.58594594594595	2.03547597597598
9.08408408408408	2.58874054054054	2.04038468468468
9.09509509509510	2.59153513513514	2.04529339339339
9.10610610610611	2.59432972972973	2.05020210210210
9.11711711711712	2.59712432432432	2.05511081081081
9.12812812812813	2.59991891891892	2.06001951951952
9.13913913913914	2.60271351351351	2.06492822822823
9.15015015015015	2.60550810810811	2.06983693693694
9.16116116116116	2.60830270270270	2.07474564564565
9.17217217217217	2.61109729729730	2.07965435435435
9.18318318318318	2.61389189189189	2.08456306306306
9.19419419419419	2.61668648648649	2.08947177177177
9.20520520520521	2.61948108108108	2.09438048048048
9.21621621621622	2.62227567567568	2.09928918918919
9.22722722722723	2.62507027027027	2.10419789789790
9.23823823823824	2.62786486486487	2.10910660660661
9.24924924924925	2.63065945945946	2.11401531531532
9.26026026026026	2.63345405405405	2.11892402402402
9.27127127127127	2.63624864864865	2.12383273273273
9.28228228228228	2.63904324324324	2.12874144144144
9.29329329329329	2.64183783783784	2.13365015015015
9.30430430430431	2.64463243243243	2.13855885885886
9.31531531531532	2.64742702702703	2.14346756756757
9.32632632632633	2.65022162162162	2.14837627627628
9.33733733733734	2.65301621621622	2.15328498498498
9.34834834834835	2.65581081081081	2.15819369369369
9.35935935935936	2.65860540540541	2.16310240240240
9.37037037037037	2.66140000000000	2.16801111111111
9.38138138138138	2.66419459459459	2.17291981981982
9.39239239239239	2.66698918918919	2.17782852852853
9.40340340340340	2.66978378378378	2.18273723723724
9.41441441441442	2.67257837837838	2.18764594594595
9.42542542542543	2.67537297297297	2.19255465465465
9.43643643643644	2.67816756756757	2.19746336336336
9.44744744744745	2.68096216216216	2.20237207207207
9.45845845845846	2.68375675675676	2.20728078078078
9.46946946946947	2.68655135135135	2.21218948948949
9.48048048048048	2.68934594594595	2.21709819819820
9.49149149149149	2.69214054054054	2.22200690690691
9.50250250250250	2.69493513513514	2.22691561561562
9.51351351351351	2.69772972972973	2.23182432432432
9.52452452452453	2.70052432432432	2.23673303303303
9.53553553553554	2.70331891891892	2.24164174174174
9.54654654654655	2.70611351351351	2.24655045045045
9.55755755755756	2.70890810810811	2.25145915915916
9.56856856856857	2.71170270270270	2.25636786786787
9.57957957957958	2.71449729729730	2.26127657657658
9.59059059059059	2.71729189189189	2.26618528528529
9.60160160160160	2.72008648648649	2.27109399399399
9.61261261261261	2.72288108108108	2.27600270270270
9.62362362362362	2.72567567567568	2.28091141141141
9.63463463463464	2.72847027027027	2.28582012012012
9.64564564564565	2.73126486486487	2.29072882882883
9.65665665665666	2.73405945945946	2.29563753753754
9.66766766766767	2.73685405405405	2.30054624624625
9.67867867867868	2.73964864864865	2.30545495495496
9.68968968968969	2.74244324324324	2.31036366366366
9.70070070070070	2.74523783783784	2.31527237237237
9.71171171171171	2.74803243243243	2.32018108108108
9.72272272272272	2.75082702702703	2.32508978978979
9.73373373373373	2.75362162162162	2.32999849849850
9.74474474474475	2.75641621621622	2.33490720720721
9.75575575575576	2.75921081081081	2.33981591591592
9.76676676676677	2.76200540540541	2.34472462462462
9.77777777777778	2.76480000000000	2.34963333333333
9.78878878878879	2.76759459459460	2.35454204204204
9.79979979979980	2.77038918918919	2.35945075075075
9.81081081081081	2.77318378378378	2.36435945945946
9.82182182182182	2.77597837837838	2.36926816816817
9.83283283283283	2.77877297297297	2.37417687687688
9.84384384384384	2.78156756756757	2.37908558558559
9.85485485485486	2.78436216216216	2.38399429429429
9.86586586586587	2.78715675675676	2.38890300300300
9.87687687687688	2.78995135135135	2.39381171171171
9.88788788788789	2.79274594594595	2.39872042042042
9.89889889889890	2.79554054054054	2.40362912912913
9.90990990990991	2.79833513513514	2.40853783783784
9.92092092092092	2.80112972972973	2.41344654654655
9.93193193193193	2.80392432432432	2.41835525525525
9.94294294294294	2.80671891891892	2.42326396396396
9.95395395395395	2.80951351351351	2.42817267267267
9.96496496496497	2.81230810810811	2.43308138138138
9.97597597597598	2.81510270270270	2.43799009009009
9.98698698698699	2.81789729729730	2.44289879879880
9.99799799799800	2.82069189189189	2.44780750750751
10.0090090090090	2.82614414414414	2.45700000000000
10.0200200200200	2.83218698698699	2.46714444444444
10.0310310310310	2.83822982982983	2.47728888888889
10.0420420420420	2.84427267267267	2.48743333333333
10.0530530530531	2.85031551551552	2.49757777777778
10.0640640640641	2.85635835835836	2.50772222222222
10.0750750750751	2.86240120120120	2.51786666666667
10.0860860860861	2.86844404404404	2.52801111111111
10.0970970970971	2.87448688688689	2.53815555555555
10.1081081081081	2.88052972972973	2.54830000000000
10.1191191191191	2.88657257257257	2.55844444444445
10.1301301301301	2.89261541541542	2.56858888888889
10.1411411411411	2.89865825825826	2.57873333333333
10.1521521521522	2.90470110110110	2.58887777777778
10.1631631631632	2.91074394394394	2.59902222222222
10.1741741741742	2.91678678678679	2.60916666666667
10.1851851851852	2.92282962962963	2.61931111111111
10.1961961961962	2.92887247247247	2.62945555555556
10.2072072072072	2.93491531531532	2.63960000000000
10.2182182182182	2.94095815815816	2.64974444444445
10.2292292292292	2.94700100100100	2.65988888888889
10.2402402402402	2.95304384384384	2.67003333333333
10.2512512512513	2.95908668668669	2.68017777777778
10.2622622622623	2.96512952952953	2.69032222222222
10.2732732732733	2.97117237237237	2.70046666666667
10.2842842842843	2.97721521521522	2.71061111111111
10.2952952952953	2.98325805805806	2.72075555555556
10.3063063063063	2.98930090090090	2.73090000000000
10.3173173173173	2.99534374374374	2.74104444444444
10.3283283283283	3.00138658658659	2.75118888888889
10.3393393393393	3.00742942942943	2.76133333333333
10.3503503503504	3.01347227227227	2.77147777777778
10.3613613613614	3.01951511511512	2.78162222222222
10.3723723723724	3.02555795795796	2.79176666666667
10.3833833833834	3.03160080080080	2.80191111111111
10.3943943943944	3.03764364364364	2.81205555555556
10.4054054054054	3.04368648648649	2.82220000000000
10.4164164164164	3.04972932932933	2.83234444444444
10.4274274274274	3.05577217217217	2.84248888888889
10.4384384384384	3.06181501501502	2.85263333333333
10.4494494494495	3.06785785785786	2.86277777777778
10.4604604604605	3.07390070070070	2.87292222222222
10.4714714714715	3.07994354354354	2.88306666666667
10.4824824824825	3.08598638638639	2.89321111111111
10.4934934934935	3.09202922922923	2.90335555555556
10.5045045045045	3.09807207207207	2.91350000000000
10.5155155155155	3.10411491491492	2.92364444444444
10.5265265265265	3.11015775775776	2.93378888888889
10.5375375375375	3.11620060060060	2.94393333333333
10.5485485485485	3.12224344344344	2.95407777777778
10.5595595595596	3.12828628628629	2.96422222222222
10.5705705705706	3.13432912912913	2.97436666666667
10.5815815815816	3.14037197197197	2.98451111111111
10.5925925925926	3.14641481481482	2.99465555555556
10.6036036036036	3.15245765765766	3.00480000000000
10.6146146146146	3.15850050050050	3.01494444444444
10.6256256256256	3.16454334334334	3.02508888888889
10.6366366366366	3.17058618618619	3.03523333333333
10.6476476476476	3.17662902902903	3.04537777777778
10.6586586586587	3.18267187187187	3.05552222222222
10.6696696696697	3.18871471471472	3.06566666666667
10.6806806806807	3.19475755755756	3.07581111111111
10.6916916916917	3.20080040040040	3.08595555555556
10.7027027027027	3.20684324324324	3.09610000000000
10.7137137137137	3.21288608608609	3.10624444444445
10.7247247247247	3.21892892892893	3.11638888888889
10.7357357357357	3.22497177177177	3.12653333333333
10.7467467467467	3.23101461461461	3.13667777777778
10.7577577577578	3.23705745745746	3.14682222222222
10.7687687687688	3.24310030030030	3.15696666666667
10.7797797797798	3.24914314314314	3.16711111111111
10.7907907907908	3.25518598598599	3.17725555555556
10.8018018018018	3.26122882882883	3.18740000000000
10.8128128128128	3.26727167167167	3.19754444444445
10.8238238238238	3.27331451451452	3.20768888888889
10.8348348348348	3.27935735735736	3.21783333333333
10.8458458458458	3.28540020020020	3.22797777777778
10.8568568568569	3.29144304304304	3.23812222222222
10.8678678678679	3.29748588588589	3.24826666666667
10.8788788788789	3.30352872872873	3.25841111111111
10.8898898898899	3.30957157157157	3.26855555555556
10.9009009009009	3.31561441441441	3.27870000000000
10.9119119119119	3.32165725725726	3.28884444444444
10.9229229229229	3.32770010010010	3.29898888888889
10.9339339339339	3.33374294294294	3.30913333333333
10.9449449449449	3.33978578578579	3.31927777777778
10.9559559559560	3.34582862862863	3.32942222222222
10.9669669669670	3.35187147147147	3.33956666666667
10.9779779779780	3.35791431431432	3.34971111111111
10.9889889889890	3.36395715715716	3.35985555555556
11	                3.37000000000000	3.37000000000000